0.0 3.794641 5.591019 5.63218 6.203867 8.617807 10.259473 10.749506 12.395268 14.440554 15.793946 16.806973 18.590374 20.190298 19.012981 18.90286 17.416201 20.864743 21.223826 17.967883 19.087756 22.50473 21.283048 19.23362 22.117368 20.415546 20.896722 19.73474 18.634227 16.333551 14.452118 14.487968 13.212057 10.099203 9.553043 10.534452 8.236729 11.585923 11.154237 8.704391 11.526518 13.775637 17.091467 16.657075 13.94833 16.646567 17.86055 14.515483 14.134417 17.782376 17.789789 15.087748 17.018109 14.338128 14.177425 12.490755 11.618654 9.788251 7.639412 6.915333 7.277435 7.250521 10.957188 
3.794641 0.0 3.833605 5.541362 4.922886 5.805239 8.416523 9.629955 10.382183 11.933437 14.032299 15.202408 16.300629 17.966533 16.348062 16.350775 14.590265 17.8057 18.008599 14.572207 15.568759 18.904152 17.624518 15.458103 18.364777 16.811265 17.581231 16.68897 15.934562 13.319082 11.348329 12.141745 11.109221 7.497991 7.618639 9.686323 7.692745 10.52825 9.244228 6.913661 9.155074 10.708593 13.903904 13.07741 10.497314 13.282727 14.193981 10.800691 10.82409 14.453252 14.334779 12.004632 14.27174 11.893679 11.907971 10.016951 10.268415 8.682105 5.381126 5.612316 7.794516 7.995817 11.558998 
5.591019 3.833605 0.0 3.802998 5.485567 5.213354 6.187531 8.514079 10.11804 10.759163 12.364662 14.395953 15.601921 16.474675 14.63178 13.89446 12.031353 15.48206 16.257465 13.244059 14.145622 17.74751 17.110969 15.314029 17.906673 15.931115 15.918735 14.345993 13.458184 11.575839 9.20858 9.088397 8.584221 5.518759 4.106084 6.319021 5.607255 8.840856 8.724457 7.979531 10.825716 11.571798 15.051926 14.126202 12.402605 15.399532 15.45544 11.819372 12.730228 15.968141 14.924987 12.725424 15.672102 14.058935 14.83254 13.220172 13.947617 12.076747 8.716688 9.40979 11.496364 11.214948 14.927105 
5.63218 5.541362 3.802998 0.0 3.837753 5.520571 5.206193 6.004576 8.655947 10.109021 10.725513 12.37538 14.418308 15.360637 14.375686 14.047546 13.18182 16.902067 17.270733 14.558537 16.266375 19.637728 18.685861 17.483744 20.40938 18.824765 18.817463 16.825752 16.376438 14.900865 12.030888 11.675987 11.893302 9.16216 6.693398 8.639722 8.577575 12.197241 12.461218 11.388826 14.185032 15.107815 18.422464 17.120351 15.010825 17.490807 17.527155 13.747372 13.910836 16.961334 15.831295 12.912419 15.513428 13.926529 15.207519 14.40481 14.602984 11.890437 9.366283 10.688569 11.723465 10.27009 13.977751 
6.203867 4.922886 5.485567 3.837753 0.0 3.820452 5.532495 5.077392 6.202087 8.624667 10.017159 10.694281 12.428283 14.246486 13.483844 14.122014 13.518368 16.994487 16.571949 13.517398 15.645629 18.640638 16.988951 15.823475 19.163763 18.213256 18.953607 17.433879 17.549272 15.5192 12.542502 13.311127 13.628196 10.259575 8.726262 11.52338 10.967886 14.221677 13.459867 11.688421 13.630342 14.462459 17.293141 15.522973 12.922325 14.797812 15.03826 11.359169 10.740844 13.768466 13.087454 9.85487 12.003144 10.166823 11.56284 11.25463 11.569131 8.553341 6.336222 8.699362 9.78422 7.858359 11.26517 
8.617807 5.805239 5.213354 5.520571 3.820452 0.0 3.811452 5.452426 5.347356 6.14042 8.579015 10.025618 10.729076 12.20028 10.610021 11.053439 10.043771 13.351605 12.96471 9.79053 11.828978 14.85999 13.421583 12.307153 15.54277 14.604583 15.344007 13.864913 14.376421 12.385277 9.16755 10.520562 11.384935 8.127922 6.871135 10.445356 10.529533 13.131253 12.099868 11.095523 12.590496 12.428052 15.072414 12.914578 10.991282 12.959225 12.404752 8.589507 9.036891 11.734315 10.344324 7.717894 10.794588 9.852184 11.637187 11.127732 12.636689 10.240242 7.20729 9.861553 12.08705 10.860805 14.037599 
10.259473 8.416523 6.187531 5.206193 5.532495 3.811452 0.0 3.806169 5.580254 5.362737 6.208626 8.711869 10.058155 10.485951 9.197739 8.984666 8.683269 12.384803 12.387313 10.078031 12.390912 15.435638 14.574205 14.183039 17.096966 15.956922 15.912963 13.581466 14.219738 13.214065 9.60537 9.866864 11.612832 9.25703 6.475511 9.744868 11.053381 13.869305 13.818891 13.541155 15.57713 15.230689 18.052066 15.921568 14.494972 16.481516 15.426391 11.668955 12.441794 14.613434 12.489818 9.891819 13.100657 12.807665 15.088301 14.894046 16.222149 13.484249 10.768878 13.241211 15.057514 13.385036 16.697382 
10.749506 9.629955 8.514079 6.004576 5.077392 5.452426 3.806169 0.0 3.810574 5.721247 5.401371 6.397337 8.88903 10.054432 10.13668 11.016725 11.723271 15.231795 14.508692 12.354946 15.261521 17.86761 16.387152 16.350388 19.629602 19.003245 19.337167 17.118212 17.983764 16.82999 13.227429 13.671851 15.261068 12.607342 9.973614 12.962516 13.833325 17.018434 16.816942 15.870857 17.803712 17.860061 20.504479 18.165829 16.161506 17.580196 16.834254 13.176568 12.882916 14.874786 13.123653 9.776761 12.152555 11.750788 14.376888 14.983359 15.787849 12.47114 10.748348 13.639373 14.639894 12.111563 15.047261 
12.395268 10.382183 10.11804 8.655947 6.202087 5.347356 5.580254 3.810574 0.0 3.786696 5.321164 5.03433 6.260482 8.578366 8.604424 10.590097 11.410502 14.393775 12.838536 10.454544 13.725796 15.804978 13.700006 13.904269 17.439285 17.481578 18.458913 16.744216 18.177157 16.643419 13.086164 14.531078 16.209968 13.282181 11.489837 15.014301 15.603204 18.364744 17.423429 16.287943 17.432652 17.068523 19.128918 16.311004 14.299922 15.02252 14.041699 10.682972 10.018067 11.45119 9.71122 6.20382 8.463405 8.673886 11.805503 12.966114 14.363557 11.259392 9.788456 13.29011 14.662537 12.255145 14.634446 
14.440554 11.933437 10.759163 10.109021 8.624667 6.14042 5.362737 5.721247 3.786696 0.0 3.836116 5.496715 5.082407 6.112042 5.00437 6.923722 8.013432 10.778362 9.19801 7.261388 10.748132 12.694933 11.092777 11.853438 15.034141 15.073559 15.718298 13.750694 15.684815 14.659593 10.964837 12.502854 14.869015 12.553713 10.72644 14.368581 15.665305 17.925977 17.13834 16.788436 17.814369 16.698751 18.611784 15.61336 14.473975 15.318539 13.460605 10.244329 10.797418 11.615928 8.789609 6.45427 9.623462 10.830289 13.993293 14.789737 16.856333 14.208007 12.085817 15.408959 17.414219 15.481568 18.042576 
15.793946 14.032299 12.364662 10.725513 10.017159 8.579015 6.208626 5.401371 5.321164 3.836116 0.0 3.799281 5.287742 4.878189 5.706631 7.209842 9.505129 12.365526 11.084098 10.204384 13.64465 15.469947 14.264523 15.437527 18.38117 18.271052 18.38551 15.847644 17.705367 17.294999 13.490587 14.137367 16.804798 14.866368 12.218402 15.392736 17.180703 19.782283 19.618547 19.392426 20.908138 20.03238 22.206607 19.344701 18.150133 19.075183 17.286624 14.061051 14.385355 15.150965 12.350071 9.845251 12.42199 13.621727 16.944083 17.990731 19.593862 16.517526 14.733086 17.975463 19.468445 17.043642 19.648115 
16.806973 15.202408 14.395953 12.37538 10.694281 10.025618 8.711869 6.397337 5.03433 5.496715 3.799281 0.0 3.816321 5.510303 7.7549 10.386558 12.751187 15.27866 13.265289 12.219639 15.938051 17.305733 15.354756 16.689766 19.966451 20.409491 21.086074 18.937976 20.926859 20.09427 16.352117 17.445701 19.820881 17.418387 15.084353 18.398372 19.676679 22.462575 21.911072 21.117083 22.337017 21.685843 23.577226 20.501196 18.85651 19.14971 17.636212 14.691378 14.087066 14.468353 12.184327 9.261719 10.72986 12.125258 15.715345 17.510312 18.871617 15.612461 14.683199 18.228873 19.26661 16.422214 18.416867 
18.590374 16.300629 15.601921 14.418308 12.428283 10.729076 10.058155 8.88903 6.260482 5.082407 5.287742 3.816321 0.0 3.812435 5.652735 9.188688 11.600309 13.355596 10.645609 9.906925 13.747387 14.440415 12.256324 14.139266 17.281299 18.266807 19.259157 17.478827 19.993322 19.123803 15.553095 17.273572 19.841776 17.562141 15.794997 19.3859 20.695528 22.993618 22.044978 21.468923 22.134659 20.913747 22.291559 18.907033 17.733677 17.577423 15.506215 13.085785 12.821021 12.334002 9.582487 7.59399 9.13168 11.560164 15.282111 17.143268 19.179043 16.408081 15.271325 18.945142 20.525872 18.10358 19.927645 
20.190298 17.966533 16.474675 15.360637 14.246486 12.20028 10.485951 10.054432 8.578366 6.112042 4.878189 5.510303 3.812435 0.0 3.830617 6.839286 10.141928 11.612525 9.280391 9.752688 13.39846 14.010823 12.760076 15.058369 17.64679 18.334571 18.644667 16.345285 19.052543 18.927421 15.324094 16.509137 19.589975 17.961317 15.804927 19.109511 21.075406 23.199296 22.73521 22.753101 23.703243 22.199743 23.743972 20.470031 19.825987 20.06907 17.598352 15.123327 15.636184 15.198995 11.918274 10.543318 12.663542 15.057914 18.673831 20.140413 22.283625 19.508786 17.906043 21.387121 23.158446 20.826769 23.027182 
19.012981 16.348062 14.63178 14.375686 13.483844 10.610021 9.197739 10.13668 8.604424 5.00437 5.706631 7.7549 5.652735 3.830617 0.0 3.806867 6.592664 7.946814 5.737416 6.131187 9.636431 10.522848 9.746334 11.85821 14.200598 14.629887 14.817297 12.581906 15.41892 15.326599 11.856526 13.309056 16.466498 15.10104 13.354226 16.714815 18.738729 20.407658 19.834682 20.235651 21.022923 19.156712 20.639434 17.45765 17.304983 17.876591 15.123991 12.662208 14.003808 13.738953 10.113153 9.461231 12.408238 14.643644 17.917738 18.760617 21.286282 18.924028 16.704636 19.936595 22.23623 20.458553 22.943978 
18.90286 16.350775 13.89446 14.047546 14.122014 11.053439 8.984666 11.016725 10.590097 6.923722 7.209842 10.386558 9.188688 6.839286 3.806867 0.0 3.839327 5.591194 5.42952 6.387478 8.773731 10.349848 10.871154 12.479774 14.16782 13.722641 12.9561 10.038856 12.69934 13.374718 10.016869 10.668314 14.203623 13.631837 11.656157 14.529916 17.109664 18.465032 18.43551 19.484967 20.626593 18.63992 20.45031 17.698874 17.9866 19.233059 16.471658 13.836253 15.86432 16.123641 12.505289 12.035428 15.426105 17.179068 20.113502 20.328768 22.819065 20.5716 17.835472 20.622831 23.123281 21.655926 24.559702 
17.416201 14.590265 12.031353 13.18182 13.518368 10.043771 8.683269 11.723271 11.410502 8.013432 9.505129 12.751187 11.600309 10.141928 6.592664 3.839327 0.0 3.808022 5.46729 5.122122 6.0862 8.748069 9.888073 10.468168 11.810322 10.581034 9.491624 6.491889 8.964465 9.560163 6.349595 7.244963 10.742318 10.514301 9.197516 11.972568 14.434062 15.248605 15.115508 16.565952 17.610378 15.406088 17.303064 14.909581 15.604242 17.358365 14.695546 12.067509 14.752762 15.474199 12.114634 12.065247 15.784659 17.030419 19.404986 18.926316 21.556359 19.768683 16.568415 18.874131 21.759029 20.896936 23.982147 
20.864743 17.8057 15.48206 16.902067 16.994487 13.351605 12.384803 15.231795 14.393775 10.778362 12.365526 15.27866 13.355596 11.612525 7.946814 5.591194 3.808022 0.0 3.805744 5.49023 5.091249 6.38367 8.720657 9.968498 10.226803 9.429465 8.120999 5.591495 9.147531 10.274713 8.131818 9.445682 12.811926 13.114293 12.505758 15.00428 17.416165 17.596605 17.227866 18.988173 19.49109 16.71219 17.93698 15.465982 16.925872 18.294795 15.120646 13.330363 16.359704 16.367651 12.854197 13.82987 17.325216 19.070673 21.406601 20.958557 23.963194 22.507371 19.347497 21.640372 24.759127 24.087638 26.99113 
21.223826 18.008599 16.257465 17.270733 16.571949 12.96471 12.387313 14.508692 12.838536 9.19801 11.084098 13.265289 10.645609 9.280391 5.737416 5.42952 5.46729 3.805744 0.0 3.799174 5.425242 5.294358 6.247951 8.67219 9.693525 10.253351 10.308262 8.722648 12.300288 12.520383 10.018554 12.106985 15.247488 14.674874 14.070742 17.158856 19.177619 19.771039 18.891482 20.007789 20.161307 17.434131 18.274839 15.217092 16.326613 16.953141 13.551756 12.029646 14.589343 13.913727 10.185935 11.446712 14.581554 16.876381 19.524983 19.663362 22.803225 21.263329 18.528615 21.286914 24.272122 23.307985 25.845281 
17.967883 14.572207 13.244059 14.558537 13.517398 9.79053 10.078031 12.354946 10.454544 7.261388 10.204384 12.219639 9.906925 9.752688 6.131187 6.387478 5.122122 5.49023 3.799174 0.0 3.840968 5.521327 5.052431 6.113174 8.310022 8.593425 9.440473 8.32002 11.283257 10.424914 7.639809 10.451504 13.037367 11.759817 11.575841 14.990456 16.434265 17.170229 15.870139 16.590569 16.626177 14.083197 15.084516 11.940588 12.671393 13.506722 10.375925 8.377845 11.065055 10.945108 7.427348 8.499677 11.952142 13.729324 16.096882 15.972557 19.111315 17.72515 14.876483 17.558975 20.630534 19.880783 22.409114 
19.087756 15.568759 14.145622 16.266375 15.645629 11.828978 12.390912 15.261521 13.725796 10.748132 13.64465 15.938051 13.747387 13.39846 9.636431 8.773731 6.0862 5.091249 5.425242 3.840968 0.0 3.834335 5.495869 5.185451 5.731498 5.065474 5.705639 5.511638 8.604537 7.810435 6.268514 9.376595 11.608702 11.120521 11.862711 14.744077 16.109569 15.967419 14.556629 15.929421 15.626333 12.51832 13.201696 10.526711 12.33281 13.592166 10.396804 9.100079 12.558835 12.619217 9.660704 11.400881 14.761436 16.161692 17.888892 17.054221 20.35931 19.547597 16.353234 18.410861 21.844018 21.715483 24.347668 
22.50473 18.904152 17.74751 19.637728 18.640638 14.85999 15.435638 17.86761 15.804978 12.694933 15.469947 17.305733 14.440415 14.010823 10.522848 10.349848 8.748069 6.38367 5.294358 5.521327 3.834335 0.0 3.843523 5.456731 4.782145 6.317763 7.583034 8.17196 11.637097 11.150813 10.084002 13.063268 15.33862 14.895822 15.636258 18.5572 19.922858 19.689084 18.093937 19.337682 18.582792 15.263982 15.132232 12.196574 14.321157 14.680188 11.010279 10.819784 13.983482 12.973162 9.951617 12.577724 15.380714 17.454119 19.321926 18.91809 22.469222 21.801768 18.959065 21.244416 24.652819 24.422681 26.727342 
21.283048 17.624518 17.110969 18.685861 16.988951 13.421583 14.574205 16.387152 13.700006 11.092777 14.264523 15.354756 12.256324 12.760076 9.746334 10.871154 9.888073 8.720657 6.247951 5.052431 5.495869 3.843523 0.0 3.815784 5.517668 8.019812 10.335874 10.916276 14.041034 12.706746 11.09559 14.476623 16.485696 15.137241 15.852696 19.222397 20.129139 20.39111 18.37549 18.856381 17.867383 14.879195 14.581975 11.089938 12.484433 12.109298 8.34727 8.377956 10.957029 9.394483 6.37843 9.460322 11.83228 14.145955 16.117065 16.182912 19.788754 19.113947 16.699443 19.314813 22.540441 22.126835 24.066561 
19.23362 15.458103 15.314029 17.483744 15.823475 12.307153 14.183039 16.350388 13.904269 11.853438 15.437527 16.689766 14.139266 15.058369 11.85821 12.479774 10.468168 9.968498 8.67219 6.113174 5.185451 5.456731 3.815784 0.0 3.828546 5.677271 8.821856 10.189495 12.512169 10.31676 9.344546 13.082116 14.297348 12.757351 14.275673 17.473239 17.813177 17.749291 15.316451 15.713286 14.352702 11.234108 10.766198 7.31243 9.10791 9.229871 5.626635 5.878904 9.174725 8.535746 6.56103 9.464391 11.981404 13.345079 14.53595 13.807251 17.482709 17.323931 14.622947 16.712913 20.193446 20.353426 22.351489 
22.117368 18.364777 17.906673 20.40938 19.163763 15.54277 17.096966 19.629602 17.439285 15.034141 18.38117 19.966451 17.281299 17.64679 14.200598 14.16782 11.810322 10.226803 9.693525 8.310022 5.731498 4.782145 5.517668 3.828546 0.0 3.811517 7.110503 9.542443 11.928463 10.262155 10.431068 13.913248 15.062425 14.398215 16.241981 18.974931 19.509717 18.746018 16.433587 17.491347 15.912633 12.325289 11.274637 8.601182 11.510145 11.785964 8.393937 9.382702 12.777265 11.995147 10.198096 13.255624 15.691121 17.110344 18.063722 17.025414 20.718217 20.857566 18.010493 19.705699 23.344179 23.8038 25.873624 
20.415546 16.811265 15.931115 18.824765 18.213256 14.604583 15.956922 19.003245 17.481578 15.073559 18.271052 20.409491 18.266807 18.334571 14.629887 13.722641 10.581034 9.429465 10.253351 8.593425 5.065474 6.317763 8.019812 5.677271 3.811517 0.0 3.811593 6.785758 8.422467 6.686328 7.708741 10.909028 11.726802 11.65871 13.794924 16.043722 16.649581 15.469587 13.436089 15.105397 13.912642 10.230247 9.92699 8.111588 11.208765 12.676957 9.907789 9.875631 13.632979 13.876536 12.037785 14.32527 17.280354 18.124954 18.896859 17.276166 20.699442 20.79154 17.50138 18.733158 22.474081 23.181634 25.650558 
20.896722 17.581231 15.918735 18.817463 18.953607 15.344007 15.912963 19.337167 18.458913 15.718298 18.38551 21.086074 19.259157 18.644667 14.817297 12.9561 9.491624 8.120999 10.308262 9.440473 5.705639 7.583034 10.335874 8.821856 7.110503 3.811593 0.0 3.807874 5.299637 5.298593 6.819 8.924957 10.155035 11.248419 12.961294 14.602705 15.875829 14.405147 13.263013 15.709051 15.277013 11.825466 12.355304 11.173609 13.989611 15.991409 13.368132 12.612715 16.390126 16.960062 14.676169 16.446242 19.780128 20.59949 21.616115 19.918754 23.086648 22.840594 19.29502 20.40099 24.06683 24.667095 27.50645 
19.73474 16.68897 14.345993 16.825752 17.433879 13.864913 13.581466 17.118212 16.744216 13.750694 15.847644 18.937976 17.478827 16.345285 12.581906 10.038856 6.491889 5.591495 8.722648 8.32002 5.511638 8.17196 10.916276 10.189495 9.542443 6.785758 3.807874 0.0 3.834766 5.554445 5.357951 6.418636 8.878607 10.26414 10.886968 12.501401 14.566232 13.668969 13.349948 15.876018 16.303326 13.343276 14.73311 13.291405 15.363323 17.567683 14.928352 13.286767 16.85462 17.649405 14.863429 15.94109 19.573612 20.467773 21.961812 20.546232 23.46375 22.61833 19.015717 20.402066 23.828489 23.970541 27.076634 
18.634227 15.934562 13.458184 16.376438 17.549272 14.376421 14.219738 17.983764 18.177157 15.684815 17.705367 20.926859 19.993322 19.052543 15.41892 12.69934 8.964465 9.147531 12.300288 11.283257 8.604537 11.637097 14.041034 12.512169 11.928463 8.422467 5.299637 3.834766 0.0 3.840813 5.367687 4.935986 6.141984 8.664154 9.812425 10.369682 12.257094 10.664775 10.855968 13.97056 14.768393 12.173662 14.086623 13.583987 15.554102 18.385676 16.39205 14.556707 18.069059 19.519092 17.183786 17.871085 21.534611 21.805268 22.845992 20.897494 23.468566 22.826784 19.041232 19.756982 23.150478 23.703062 26.99029 
16.333551 13.319082 11.575839 14.900865 15.5192 12.385277 13.214065 16.82999 16.643419 14.659593 17.294999 20.09427 19.123803 18.927421 15.326599 13.374718 9.560163 10.274713 12.520383 10.424914 7.810435 11.150813 12.706746 10.31676 10.262155 6.686328 5.298593 5.554445 3.840813 0.0 3.809863 5.4417 5.18441 6.348358 8.742038 9.949948 10.721924 9.159174 8.110262 10.840099 11.145564 8.370319 10.379767 9.971964 11.860422 14.867276 13.270109 11.498941 14.987419 16.724671 14.932897 15.652092 19.124971 19.018907 19.638558 17.421635 20.034749 19.747755 15.972145 16.483399 20.042024 20.912164 24.015626 
14.452118 11.348329 9.20858 12.030888 12.542502 9.16755 9.60537 13.227429 13.086164 10.964837 13.490587 16.352117 15.553095 15.324094 11.856526 10.016869 6.349595 8.131818 10.018554 7.639809 6.268514 10.084002 11.09559 9.344546 10.431068 7.708741 6.819 5.357951 5.367687 3.809863 0.0 3.805465 5.478787 5.234138 6.262775 8.656627 10.00864 9.86542 9.105745 11.020839 11.886864 9.595003 11.953074 10.527407 11.516466 14.286649 12.456079 9.873355 13.103364 14.863259 12.625868 12.778326 16.457926 16.544746 17.74026 16.065512 18.624235 17.692461 13.975403 15.19562 18.545729 18.768859 21.967938 
14.487968 12.141745 9.088397 11.675987 13.311127 10.520562 9.866864 13.671851 14.531078 12.502854 14.137367 17.445701 17.273572 16.509137 13.309056 10.668314 7.244963 9.445682 12.106985 10.451504 9.376595 13.063268 14.476623 13.082116 13.913248 10.909028 8.924957 6.418636 4.935986 5.4417 3.805465 0.0 3.800427 5.475021 5.125392 6.099264 8.605776 8.473165 9.275974 11.783545 13.592984 11.954157 14.800618 13.950178 14.700649 17.746154 16.172063 13.363024 16.288417 18.308168 15.981023 15.603833 19.350554 19.246451 20.510817 18.777906 20.86427 19.636771 15.892116 16.783729 19.793151 19.911004 23.415584 
13.212057 11.109221 8.584221 11.893302 13.628196 11.384935 11.612832 15.261068 16.209968 14.869015 16.804798 19.820881 19.841776 19.589975 16.466498 14.203623 10.742318 12.811926 15.247488 13.037367 11.608702 15.33862 16.485696 14.297348 15.062425 11.726802 10.155035 8.878607 6.141984 5.18441 5.478787 3.800427 0.0 3.811879 5.465366 5.071181 6.152913 4.885542 5.854778 8.925296 10.958253 9.84045 13.065468 13.13939 13.765041 17.264788 16.402039 13.754546 16.548392 19.064164 17.403068 16.982704 20.514204 19.77571 20.355883 18.022769 19.800658 19.064439 15.248609 15.276334 18.324604 19.104098 22.595799 
10.099203 7.497991 5.518759 9.16216 10.259575 8.127922 9.25703 12.607342 13.282181 12.553713 14.866368 17.418387 17.562141 17.961317 15.10104 13.631837 10.514301 13.114293 14.674874 11.759817 11.120521 14.895822 15.137241 12.757351 14.398215 11.65871 11.248419 10.26414 8.664154 6.348358 5.234138 5.475021 3.811879 0.0 3.827846 5.469703 5.133021 5.671619 4.929303 6.453294 8.59324 7.970676 11.485662 11.100755 10.839484 14.336296 13.870014 10.858341 13.206087 16.058563 14.771768 13.943398 17.28636 16.209451 16.676773 14.389042 16.076553 15.2545 11.437236 11.637315 14.747969 15.45115 18.876797 
9.553043 7.618639 4.106084 6.693398 8.726262 6.871135 6.475511 9.973614 11.489837 10.72644 12.218402 15.084353 15.794997 15.804927 13.354226 11.656157 9.197516 12.505758 14.070742 11.575841 11.862711 15.636258 15.852696 14.275673 16.241981 13.794924 12.961294 10.886968 9.812425 8.742038 6.262775 5.125392 5.465366 3.827846 0.0 3.834781 5.469217 7.600348 8.28234 9.314225 11.955833 11.616489 15.036566 14.101409 13.465966 16.597646 15.841543 12.372568 14.309606 17.035206 15.251562 13.751525 17.229063 16.382917 17.521965 15.885305 17.278466 15.620619 12.031057 12.879459 15.400529 15.232003 18.8856 
10.534452 9.686323 6.319021 8.639722 11.52338 10.445356 9.744868 12.962516 15.014301 14.368581 15.392736 18.398372 19.3859 19.109511 16.714815 14.529916 11.972568 15.00428 17.158856 14.990456 14.744077 18.5572 19.222397 17.473239 18.974931 16.043722 14.602705 12.501401 10.369682 9.949948 8.656627 6.099264 5.071181 5.469703 3.834781 0.0 3.830958 5.627965 8.038939 9.801712 13.00461 13.115035 16.745708 16.566775 16.137625 19.578359 19.075719 15.787363 17.770645 20.655797 18.999243 17.553483 20.970076 19.883818 20.703888 18.721496 19.724748 18.270884 14.751322 14.801534 17.028837 17.231044 20.983295 
8.236729 7.692745 5.607255 8.577575 10.967886 10.529533 11.053381 13.833325 15.603204 15.665305 17.180703 19.676679 20.695528 21.075406 18.738729 17.109664 14.434062 17.416165 19.177619 16.434265 16.109569 19.922858 20.129139 17.813177 19.509717 16.649581 15.875829 14.566232 12.257094 10.721924 10.00864 8.605776 6.152913 5.133021 5.469217 3.830958 0.0 3.843391 5.649712 6.582586 10.179611 11.227927 15.022457 15.378609 14.478712 18.100375 18.329501 15.191895 16.796419 20.086688 19.124869 17.606596 20.674345 18.973123 19.118184 16.690243 17.287791 16.297695 12.865204 12.069452 14.232803 15.094089 18.731185 
11.585923 10.52825 8.840856 12.197241 14.221677 13.131253 13.869305 17.018434 18.364744 17.925977 19.782283 22.462575 22.993618 23.199296 20.407658 18.465032 15.248605 17.596605 19.771039 17.170229 15.967419 19.689084 20.39111 17.749291 18.746018 15.469587 14.405147 13.668969 10.664775 9.159174 9.86542 8.473165 4.885542 5.671619 7.600348 5.627965 3.843391 0.0 3.82109 6.677081 9.572393 10.091649 13.67682 14.735398 14.664363 18.458613 18.58176 15.968725 18.137143 21.232465 20.291941 19.447208 22.611643 21.081909 20.95824 18.141938 19.120171 18.745794 15.16041 14.0389 16.637361 18.05563 21.504979 
11.154237 9.244228 8.724457 12.461218 13.459867 12.099868 13.818891 16.816942 17.423429 17.13834 19.618547 21.911072 22.044978 22.73521 19.834682 18.43551 15.115508 17.227866 18.891482 15.870139 14.556629 18.093937 18.37549 15.316451 16.433587 13.436089 13.263013 13.349948 10.855968 8.110262 9.105745 9.275974 5.854778 4.929303 8.28234 8.038939 5.649712 3.82109 0.0 3.8053 5.884644 6.379993 10.01508 11.282706 11.166009 14.99301 15.425319 13.166958 15.312134 18.415195 17.932509 17.414545 20.329618 18.679017 18.162067 15.083896 16.350468 16.509411 12.909478 11.641273 14.72555 16.548059 19.692017 
8.704391 6.913661 7.979531 11.388826 11.688421 11.095523 13.541155 15.870857 16.287943 16.788436 19.392426 21.117083 21.468923 22.753101 20.235651 19.484967 16.565952 18.988173 20.007789 16.590569 15.929421 19.337682 18.856381 15.713286 17.491347 15.105397 15.709051 15.876018 13.97056 10.840099 11.020839 11.783545 8.925296 6.453294 9.314225 9.801712 6.582586 6.677081 3.8053 0.0 3.810912 6.28453 9.845706 10.934594 9.591133 13.299613 14.5381 12.206692 13.485523 16.959849 17.127849 16.187729 18.614998 16.395141 15.398351 12.160295 12.907739 13.295972 9.979601 8.083206 11.089596 13.274509 16.20676 
11.526518 9.155074 10.825716 14.185032 13.630342 12.590496 15.57713 17.803712 17.432652 17.814369 20.908138 22.337017 22.134659 23.703243 21.022923 20.626593 17.610378 19.49109 20.161307 16.626177 15.626333 18.582792 17.867383 14.352702 15.912633 13.912642 15.277013 16.303326 14.768393 11.145564 11.886864 13.592984 10.958253 8.59324 11.955833 13.00461 10.179611 9.572393 5.884644 3.810912 0.0 3.806738 6.57763 8.275713 7.14181 10.730764 12.388644 10.954589 12.278194 15.473081 16.189037 15.93053 17.994578 15.842453 14.319191 10.74043 12.049138 13.362869 10.318237 8.430461 11.841009 14.418702 16.739297 
13.775637 10.708593 11.571798 15.107815 14.462459 12.428052 15.230689 17.860061 17.068523 16.698751 20.03238 21.685843 20.913747 22.199743 19.156712 18.63992 15.406088 16.71219 17.434131 14.083197 12.51832 15.263982 14.879195 11.234108 12.325289 10.230247 11.825466 13.343276 12.173662 8.370319 9.595003 11.954157 9.84045 7.970676 11.616489 13.115035 11.227927 10.091649 6.379993 6.28453 3.806738 0.0 3.802759 5.299546 5.891748 9.488559 10.146785 9.130993 11.465697 14.052193 14.29582 14.806547 17.190106 15.785963 14.789905 11.559217 13.864668 14.956316 11.649614 10.886647 14.615147 16.658066 19.027015 
17.091467 13.903904 15.051926 18.422464 17.293141 15.072414 18.052066 20.504479 19.128918 18.611784 22.206607 23.577226 22.291559 23.743972 20.639434 20.45031 17.303064 17.93698 18.274839 15.084516 13.201696 15.132232 14.581975 10.766198 11.274637 9.92699 12.355304 14.73311 14.086623 10.379767 11.953074 14.800618 13.065468 11.485662 15.036566 16.745708 15.022457 13.67682 10.01508 9.845706 6.57763 3.802759 0.0 3.789562 5.854084 8.308037 9.030366 9.540402 11.832296 13.660425 14.379601 15.708114 17.626101 16.52407 15.2217 12.112393 14.839014 16.523499 13.680485 13.101327 16.780447 18.932974 20.781399 
16.657075 13.07741 14.126202 17.120351 15.522973 12.914578 15.921568 18.165829 16.311004 15.61336 19.344701 20.501196 18.907033 20.470031 17.45765 17.698874 14.909581 15.465982 15.217092 11.940588 10.526711 12.196574 11.089938 7.31243 8.601182 8.111588 11.173609 13.291405 13.583987 9.971964 10.527407 13.950178 13.13939 11.100755 14.101409 16.566775 15.378609 14.735398 11.282706 10.934594 8.275713 5.299546 3.789562 0.0 3.840457 5.723396 5.401565 6.089529 8.752744 10.152128 10.653342 12.301648 14.246993 13.65124 12.926751 10.459777 13.798059 14.974266 12.167735 12.656491 16.388155 17.866344 19.682879 
13.94833 10.497314 12.402605 15.010825 12.922325 10.991282 14.494972 16.161506 14.299922 14.473975 18.150133 18.85651 17.733677 19.825987 17.304983 17.9866 15.604242 16.925872 16.326613 12.671393 12.33281 14.321157 12.484433 9.10791 11.510145 11.208765 13.989611 15.363323 15.554102 11.860422 11.516466 14.700649 13.765041 10.839484 13.465966 16.137625 14.478712 14.664363 11.166009 9.591133 7.14181 5.891748 5.854084 3.840457 0.0 3.830065 5.471204 4.951827 6.163379 8.662194 9.953121 10.58237 12.11783 10.693328 9.493962 6.702674 9.97124 11.221192 8.640611 9.16176 12.776842 14.24452 15.879717 
16.646567 13.282727 15.399532 17.490807 14.797812 12.959225 16.481516 17.580196 15.02252 15.318539 19.075183 19.14971 17.577423 20.06907 17.876591 19.233059 17.358365 18.294795 16.953141 13.506722 13.592166 14.680188 12.109298 9.229871 11.785964 12.676957 15.991409 17.567683 18.385676 14.867276 14.286649 17.746154 17.264788 14.336296 16.597646 19.578359 18.100375 18.458613 14.99301 13.299613 10.730764 9.488559 8.308037 5.723396 3.830065 0.0 3.825378 5.427219 5.230226 6.359359 8.806381 10.083839 10.549432 9.537923 8.135095 6.401102 10.080221 11.603044 10.067239 11.204271 14.319661 15.429486 16.309296 
17.86055 14.193981 15.45544 17.527155 15.03826 12.404752 15.426391 16.834254 14.041699 13.460605 17.286624 17.636212 15.506215 17.598352 15.123991 16.471658 14.695546 15.120646 13.551756 10.375925 10.396804 11.010279 8.34727 5.626635 8.393937 9.907789 13.368132 14.928352 16.39205 13.270109 12.456079 16.172063 16.402039 13.870014 15.841543 19.075719 18.329501 18.58176 15.425319 14.5381 12.388644 10.146785 9.030366 5.401565 5.471204 3.825378 0.0 3.821749 5.476122 5.132568 6.183667 8.619787 9.792836 10.111805 10.121144 9.221178 13.043457 13.705272 11.709643 13.536599 16.827552 17.390826 18.682131 
14.515483 10.800691 11.819372 13.747372 11.359169 8.589507 11.668955 13.176568 10.682972 10.244329 14.061051 14.691378 13.085785 15.123327 12.662208 13.836253 12.067509 13.330363 12.029646 8.377845 9.100079 10.819784 8.377956 5.878904 9.382702 9.875631 12.612715 13.286767 14.556707 11.498941 9.873355 13.363024 13.754546 10.858341 12.372568 15.787363 15.191895 15.968725 13.166958 12.206692 10.954589 9.130993 9.540402 6.089529 4.951827 5.427219 3.821749 0.0 3.792473 5.43997 5.267273 6.215744 8.50914 8.412424 9.089717 8.112205 11.676747 11.489706 8.904133 11.160724 14.480698 14.668982 16.521099 
14.134417 10.82409 12.730228 13.910836 10.740844 9.036891 12.441794 12.882916 10.018067 10.797418 14.385355 14.087066 12.821021 15.636184 14.003808 15.86432 14.752762 16.359704 14.589343 11.065055 12.558835 13.983482 10.957029 9.174725 12.777265 13.632979 16.390126 16.85462 18.069059 14.987419 13.103364 16.288417 16.548392 13.206087 14.309606 17.770645 16.796419 18.137143 15.312134 13.485523 12.278194 11.465697 11.832296 8.752744 6.163379 5.230226 5.476122 3.792473 0.0 3.809917 5.641611 5.240013 5.983513 4.940092 5.408551 5.466774 8.955846 8.664418 7.163511 9.92306 12.619509 12.454724 13.666721 
17.782376 14.453252 15.968141 16.961334 13.768466 11.734315 14.613434 14.874786 11.45119 11.615928 15.150965 14.468353 12.334002 15.198995 13.738953 16.123641 15.474199 16.367651 13.913727 10.945108 12.619217 12.973162 9.394483 8.535746 11.995147 13.876536 16.960062 17.649405 19.519092 16.724671 14.863259 18.308168 19.064164 16.058563 17.035206 20.655797 20.086688 21.232465 18.415195 16.959849 15.473081 14.052193 13.660425 10.152128 8.662194 6.359359 5.132568 5.43997 3.809917 0.0 3.820242 5.383643 4.963034 6.151856 7.36091 8.527929 11.977738 11.752887 10.829094 13.674694 16.184239 15.748781 16.539458 
17.789789 14.334779 14.924987 15.831295 13.087454 10.344324 12.489818 13.123653 9.71122 8.789609 12.350071 12.184327 9.582487 11.918274 10.113153 12.505289 12.114634 12.854197 10.185935 7.427348 9.660704 9.951617 6.37843 6.56103 10.198096 12.037785 14.676169 14.863429 17.183786 14.932897 12.625868 15.981023 17.403068 14.771768 15.251562 18.999243 19.124869 20.291941 17.932509 17.127849 16.189037 14.29582 14.379601 10.653342 9.953121 8.806381 6.183667 5.267273 5.641611 3.820242 0.0 3.841306 5.575017 7.86345 10.155526 11.09321 14.46751 13.524148 11.892525 15.026532 17.728596 16.928695 18.363167 
15.087748 12.004632 12.725424 12.912419 9.85487 7.717894 9.891819 9.776761 6.20382 6.45427 9.845251 9.261719 7.59399 10.543318 9.461231 12.035428 12.065247 13.82987 11.446712 8.499677 11.400881 12.577724 9.460322 9.464391 13.255624 14.32527 16.446242 15.94109 17.871085 15.652092 12.778326 15.603833 16.982704 13.943398 13.751525 17.553483 17.606596 19.447208 17.414545 16.187729 15.93053 14.806547 15.708114 12.301648 10.58237 10.083839 8.619787 6.215744 5.240013 5.383643 3.841306 0.0 3.814469 5.467656 8.59457 9.986194 12.699563 10.890057 9.481562 13.051083 15.266187 13.868208 15.455533 
17.018109 14.27174 15.672102 15.513428 12.003144 10.794588 13.100657 12.152555 8.463405 9.623462 12.42199 10.72986 9.13168 12.663542 12.408238 15.426105 15.784659 17.325216 14.581554 11.952142 14.761436 15.380714 11.83228 11.981404 15.691121 17.280354 19.780128 19.573612 21.534611 19.124971 16.457926 19.350554 20.514204 17.28636 17.229063 20.970076 20.674345 22.611643 20.329618 18.614998 17.994578 17.190106 17.626101 14.246993 12.11783 10.549432 9.792836 8.50914 5.983513 4.963034 5.575017 3.814469 0.0 3.800667 7.147486 9.805865 12.19122 10.580979 10.501209 14.054103 15.690899 14.10822 14.75141 
14.338128 11.893679 14.058935 13.926529 10.166823 9.852184 12.807665 11.750788 8.673886 10.830289 13.621727 12.125258 11.560164 15.057914 14.643644 17.179068 17.030419 19.070673 16.876381 13.729324 16.161692 17.454119 14.145955 13.345079 17.110344 18.124954 20.59949 20.467773 21.805268 19.018907 16.544746 19.246451 19.77571 16.209451 16.382917 19.883818 18.973123 21.081909 18.679017 16.395141 15.842453 15.785963 16.52407 13.65124 10.693328 9.537923 10.111805 8.412424 4.940092 6.151856 7.86345 5.467656 3.800667 0.0 3.800656 6.687639 8.518182 6.850958 7.348974 10.754219 12.069012 10.645316 11.110301 
14.177425 11.907971 14.83254 15.207519 11.56284 11.637187 15.088301 14.376888 11.805503 13.993293 16.944083 15.715345 15.282111 18.673831 17.917738 20.113502 19.404986 21.406601 19.524983 16.096882 17.888892 19.321926 16.117065 14.53595 18.063722 18.896859 21.616115 21.961812 22.845992 19.638558 17.74026 20.510817 20.355883 16.676773 17.521965 20.703888 19.118184 20.95824 18.162067 15.398351 14.319191 14.789905 15.2217 12.926751 9.493962 8.135095 10.121144 9.089717 5.408551 7.36091 10.155526 8.59457 7.147486 3.800656 0.0 3.792816 5.402861 5.383275 6.637772 9.013277 10.219248 9.811968 9.613222 
12.490755 10.016951 13.220172 14.40481 11.25463 11.127732 14.894046 14.983359 12.966114 14.789737 17.990731 17.510312 17.143268 20.140413 18.760617 20.328768 18.926316 20.958557 19.663362 15.972557 17.054221 18.91809 16.182912 13.807251 17.025414 17.276166 19.918754 20.546232 20.897494 17.421635 16.065512 18.777906 18.022769 14.389042 15.885305 18.721496 16.690243 18.141938 15.083896 12.160295 10.74043 11.559217 12.112393 10.459777 6.702674 6.401102 9.221178 8.112205 5.466774 8.527929 11.09321 9.986194 9.805865 6.687639 3.792816 0.0 3.82613 5.469052 5.211776 6.354026 8.508133 9.436301 9.929988 
11.618654 10.268415 13.947617 14.602984 11.569131 12.636689 16.222149 15.787849 14.363557 16.856333 19.593862 18.871617 19.179043 22.283625 21.286282 22.819065 21.556359 23.963194 22.803225 19.111315 20.35931 22.469222 19.788754 17.482709 20.718217 20.699442 23.086648 23.46375 23.468566 20.034749 18.624235 20.86427 19.800658 16.076553 17.278466 19.724748 17.287791 19.120171 16.350468 12.907739 12.049138 13.864668 14.839014 13.798059 9.97124 10.080221 13.043457 11.676747 8.955846 11.977738 14.46751 12.699563 12.19122 8.518182 5.402861 3.82613 0.0 3.808199 5.523722 5.386246 5.764752 7.05006 6.708687 
9.788251 8.682105 12.076747 11.890437 8.553341 10.240242 13.484249 12.47114 11.259392 14.208007 16.517526 15.612461 16.408081 19.508786 18.924028 20.5716 19.768683 22.507371 21.263329 17.72515 19.547597 21.801768 19.113947 17.323931 20.857566 20.79154 22.840594 22.61833 22.826784 19.747755 17.692461 19.636771 19.064439 15.2545 15.620619 18.270884 16.297695 18.745794 16.509411 13.295972 13.362869 14.956316 16.523499 14.974266 11.221192 11.603044 13.705272 11.489706 8.664418 11.752887 13.524148 10.890057 10.580979 6.850958 5.383275 5.469052 3.808199 0.0 3.840466 5.608297 5.419487 4.44552 5.04552 
7.639412 5.381126 8.716688 9.366283 6.336222 7.20729 10.768878 10.748348 9.788456 12.085817 14.733086 14.683199 15.271325 17.906043 16.704636 17.835472 16.568415 19.347497 18.528615 14.876483 16.353234 18.959065 16.699443 14.622947 18.010493 17.50138 19.29502 19.015717 19.041232 15.972145 13.975403 15.892116 15.248609 11.437236 12.031057 14.751322 12.865204 15.16041 12.909478 9.979601 10.318237 11.649614 13.680485 12.167735 8.640611 10.067239 11.709643 8.904133 7.163511 10.829094 11.892525 9.481562 10.501209 7.348974 6.637772 5.211776 5.523722 3.840466 0.0 3.795524 5.942913 5.85425 8.214687 
6.915333 5.612316 9.40979 10.688569 8.699362 9.861553 13.241211 13.639373 13.29011 15.408959 17.975463 18.228873 18.945142 21.387121 19.936595 20.622831 18.874131 21.640372 21.286914 17.558975 18.410861 21.244416 19.314813 16.712913 19.705699 18.733158 20.40099 20.402066 19.756982 16.483399 15.19562 16.783729 15.276334 11.637315 12.879459 14.801534 12.069452 14.0389 11.641273 8.083206 8.430461 10.886647 13.101327 12.656491 9.16176 11.204271 13.536599 11.160724 9.92306 13.674694 15.026532 13.051083 14.054103 10.754219 9.013277 6.354026 5.386246 5.608297 3.795524 0.0 3.82186 6.131863 8.357471 
7.277435 7.794516 11.496364 11.723465 9.78422 12.08705 15.057514 14.639894 14.662537 17.414219 19.468445 19.26661 20.525872 23.158446 22.23623 23.123281 21.759029 24.759127 24.272122 20.630534 21.844018 24.652819 22.540441 20.193446 23.344179 22.474081 24.06683 23.828489 23.150478 20.042024 18.545729 19.793151 18.324604 14.747969 15.400529 17.028837 14.232803 16.637361 14.72555 11.089596 11.841009 14.615147 16.780447 16.388155 12.776842 14.319661 16.827552 14.480698 12.619509 16.184239 17.728596 15.266187 15.690899 12.069012 10.219248 8.508133 5.764752 5.419487 5.942913 3.82186 0.0 3.823367 5.455565 
7.250521 7.995817 11.214948 10.27009 7.858359 10.860805 13.385036 12.111563 12.255145 15.481568 17.043642 16.422214 18.10358 20.826769 20.458553 21.655926 20.896936 24.087638 23.307985 19.880783 21.715483 24.422681 22.126835 20.353426 23.8038 23.181634 24.667095 23.970541 23.703062 20.912164 18.768859 19.911004 19.104098 15.45115 15.232003 17.231044 15.094089 18.05563 16.548059 13.274509 14.418702 16.658066 18.932974 17.866344 14.24452 15.429486 17.390826 14.668982 12.454724 15.748781 16.928695 13.868208 14.10822 10.645316 9.811968 9.436301 7.05006 4.44552 5.85425 6.131863 3.823367 0.0 3.80996 
10.957188 11.558998 14.927105 13.977751 11.26517 14.037599 16.697382 15.047261 14.634446 18.042576 19.648115 18.416867 19.927645 23.027182 22.943978 24.559702 23.982147 26.99113 25.845281 22.409114 24.347668 26.727342 24.066561 22.351489 25.873624 25.650558 27.50645 27.076634 26.99029 24.015626 21.967938 23.415584 22.595799 18.876797 18.8856 20.983295 18.731185 21.504979 19.692017 16.20676 16.739297 19.027015 20.781399 19.682879 15.879717 16.309296 18.682131 16.521099 13.666721 16.539458 18.363167 15.455533 14.75141 11.110301 9.613222 9.929988 6.708687 5.04552 8.214687 8.357471 5.455565 3.80996 0.0 

