0.0 0.0 0.0 0.0 0.0 0.0 0.0 0.0 0.0 0.0 0.0 0.0 0.0 0.0 0.0 0.0 0.0 0.0 0.0 0.0 0.0 0.0 0.0 0.0 0.0 0.0 0.0 0.0 0.0 0.0 0.0 0.0 0.0 0.0 0.0 0.0 0.0 0.0 0.0 0.0 0.0 0.0 0.0 0.0 0.0 0.0 0.0 0.0 0.0 0.0 0.0 0.0 0.0 0.0 0.0 0.0 0.0 0.0 0.0 0.0 0.0 0.0 0.0 0.0 0.0 0.0 0.0 0.0 0.0 0.0 0.0 0.0 0.0 0.0 0.0 0.0 0.0 0.0 0.0 0.0 0.0 0.0 0.0 0.0 0.0 0.0 0.0 0.0 0.0 0.0 0.0 0.0 0.0 0.0 0.0 0.0 
0.0 0.0 0.0 0.0 0.0 0.0 0.0 0.0 0.0 0.0 0.0 0.0 0.0 0.0 0.0 0.0 0.0 0.0 0.0 0.0 0.0 0.0 0.0 0.0 0.0 0.0 0.0 0.0 0.0 0.0 0.0 0.0 0.0 0.0 0.0 0.0 0.0 0.0 0.0 0.0 0.0 0.0 0.0 0.0 0.0 0.0 0.0 0.0 0.0 0.0 0.0 0.0 0.0 0.0 0.0 0.0 0.0 0.0 0.0 0.0 0.0 0.0 0.0 0.0 0.0 0.0 0.0 0.0 0.0 0.0 0.0 0.0 0.0 0.0 0.0 0.0 0.0 0.0 0.0 0.0 0.0 0.0 0.0 0.0 0.0 0.0 0.0 0.0 0.0 0.0 0.0 0.0 0.0 0.0 0.0 0.0 
0.0 0.0 0.0 0.0 0.0 0.0 0.0 0.0 0.0 0.0 0.0 0.0 0.0 0.0 0.0 0.0 0.0 0.0 0.0 0.0 0.0 0.0 0.0 0.0 0.0 0.0 0.0 0.0 0.0 0.0 0.0 0.0 0.0 0.0 0.0 0.0 0.0 0.0 0.0 0.0 0.0 0.0 0.0 0.0 0.0 0.0 0.0 0.0 0.0 0.0 0.0 0.0 0.0 0.0 0.0 0.0 0.0 0.0 0.0 0.0 0.0 0.0 0.0 0.0 0.0 0.0 0.0 0.0 0.0 0.0 0.0 0.0 0.0 0.0 0.0 0.0 0.0 0.0 0.0 0.0 0.0 0.0 0.0 0.0 0.0 0.0 0.0 0.0 0.0 0.0 0.0 0.0 0.0 0.0 0.0 0.0 
0.0 0.0 0.0 0.0 0.0 0.0 0.0 0.0 0.0 0.0 0.0 0.0 0.0 0.0 0.0 0.0 0.0 0.0 0.0 0.0 0.0 0.0 0.0 0.0 0.0 0.0 0.0 0.0 0.0 0.0 0.0 0.0 0.0 0.0 0.0 0.0 0.0 0.0 0.0 0.0 0.0 0.0 0.0 0.0 0.0 0.0 0.0 0.0 0.0 0.0 0.0 0.0 0.0 0.0 0.0 0.0 0.0 0.0 0.0 0.0 0.0 0.0 0.0 0.0 0.0 0.0 0.0 0.0 0.0 0.0 0.0 0.0 0.0 0.0 0.0 0.0 0.0 0.0 0.0 0.0 0.0 0.0 0.0 0.0 0.0 0.0 0.0 0.0 0.0 0.0 0.0 0.0 0.0 0.0 0.0 0.0 
0.0 0.0 0.0 0.0 0.0 0.0 0.0 0.0 0.0 0.0 0.0 0.0 0.0 0.0 0.0 0.0 0.0 0.0 0.0 0.0 0.0 0.0 0.0 0.0 0.0 0.0 0.0 0.0 0.0 0.0 0.0 0.0 0.0 0.0 0.0 0.0 0.0 0.0 0.0 0.0 0.0 0.0 0.0 0.0 0.0 0.0 0.0 0.0 0.0 0.0 0.0 0.0 0.0 0.0 0.0 0.0 0.0 0.0 0.0 0.0 0.0 0.0 0.0 0.0 0.0 0.0 0.0 0.0 0.0 0.0 0.0 0.0 0.0 0.0 0.0 0.0 0.0 0.0 0.0 0.0 0.0 0.0 0.0 0.0 0.0 0.0 0.0 0.0 0.0 0.0 0.0 0.0 0.0 0.0 0.0 0.0 
0.0 0.0 0.0 0.0 0.0 0.0 0.0 0.0 0.0 0.0 0.0 0.0 0.0 0.0 0.0 0.0 0.0 0.0 0.0 0.0 0.0 0.0 0.0 0.0 0.0 0.0 0.0 0.0 0.0 0.0 0.0 0.0 0.0 0.0 0.0 0.0 0.0 0.0 0.0 0.0 0.0 0.0 0.0 0.0 0.0 0.0 0.0 0.0 0.0 0.0 0.0 0.0 0.0 0.0 0.0 0.0 0.0 0.0 0.0 0.0 0.0 0.0 0.0 0.0 0.0 0.0 0.0 0.0 0.0 0.0 0.0 0.0 0.0 0.0 0.0 0.0 0.0 0.0 0.0 0.0 0.0 0.0 0.0 0.0 0.0 0.0 0.0 0.0 0.0 0.0 0.0 0.0 0.0 0.0 0.0 0.0 
0.0 0.0 0.0 0.0 0.0 0.0 0.0 0.0 0.0 0.0 0.0 0.0 0.0 0.0 0.0 0.0 0.0 0.0 0.0 0.0 0.0 0.0 0.0 0.0 0.0 0.0 0.0 0.0 0.0 0.0 0.0 0.0 0.0 0.0 0.0 0.0 0.0 0.0 0.0 0.0 0.0 0.0 0.0 0.0 0.0 0.0 0.0 0.0 0.0 0.0 0.0 0.0 0.0 0.0 0.0 0.0 0.0 0.0 0.0 0.0 0.0 0.0 0.0 0.0 0.0 0.0 0.0 0.0 0.0 0.0 0.0 0.0 0.0 0.0 0.0 0.0 0.0 0.0 0.0 0.0 0.0 0.0 0.0 0.0 0.0 0.0 0.0 0.0 0.0 0.0 0.0 0.0 0.0 0.0 0.0 0.0 
0.0 0.0 0.0 0.0 0.0 0.0 0.0 0.0 0.0 0.0 0.0 0.0 0.0 0.0 0.0 0.0 0.0 0.0 0.0 0.0 0.0 0.0 0.0 0.0 0.0 0.0 0.0 0.0 0.0 0.0 0.0 0.0 0.0 0.0 0.0 0.0 0.0 0.0 0.0 0.0 0.0 0.0 0.0 0.0 0.0 0.0 0.0 0.0 0.0 0.0 0.0 0.0 0.0 0.0 0.0 0.0 0.0 0.0 0.0 0.0 0.0 0.0 0.0 0.0 0.0 0.0 0.0 0.0 0.0 0.0 0.0 0.0 0.0 0.0 0.0 0.0 0.0 0.0 0.0 0.0 0.0 0.0 0.0 0.0 0.0 0.0 0.0 0.0 0.0 0.0 0.0 0.0 0.0 0.0 0.0 0.0 
0.0 0.0 0.0 0.0 0.0 0.0 0.0 0.0 0.0 0.0 0.0 0.0 0.0 0.0 0.0 0.0 0.0 0.0 0.0 0.0 0.0 0.0 0.0 0.0 0.0 0.0 0.0 0.0 0.0 0.0 0.0 0.0 0.0 0.0 0.0 0.0 0.0 0.0 0.0 0.0 0.0 0.0 0.0 0.0 0.0 0.0 0.0 0.0 0.0 0.0 0.0 0.0 0.0 0.0 0.0 0.0 0.0 0.0 0.0 0.0 0.0 0.0 0.0 0.0 0.0 0.0 0.0 0.0 0.0 0.0 0.0 0.0 0.0 0.0 0.0 0.0 0.0 0.0 0.0 0.0 0.0 0.0 0.0 0.0 0.0 0.0 0.0 0.0 0.0 0.0 0.0 0.0 0.0 0.0 0.0 0.0 
0.0 0.0 0.0 0.0 0.0 0.0 0.0 0.0 0.0 0.0 3.806726 5.487925 4.673324 5.765165 8.258428 9.15823 10.001825 11.926968 13.788062 14.858825 16.055814 17.980527 19.756192 21.125146 24.799601 27.048224 28.778069 26.295549 23.470654 20.747817 18.802808 15.400392 16.60309 18.186122 15.191135 13.214688 16.225734 16.425064 13.248872 14.679475 12.449947 15.170057 13.829142 0.0 0.0 0.0 0.0 0.0 0.0 0.0 10.769571 13.185111 12.262301 8.501075 9.978335 12.346291 10.253599 8.843857 12.579559 13.883681 12.026649 13.515915 18.368619 19.704176 17.501341 19.936392 18.33389 21.86577 21.727756 19.256798 21.410424 21.685197 23.455274 26.684581 26.99537 0.0 0.0 0.0 0.0 0.0 0.0 0.0 0.0 0.0 0.0 0.0 0.0 0.0 0.0 0.0 0.0 0.0 0.0 0.0 0.0 0.0 
0.0 0.0 0.0 0.0 0.0 0.0 0.0 0.0 0.0 3.806726 0.0 3.796127 5.482593 5.882925 6.585145 8.477239 10.275161 11.236438 12.648477 14.627504 15.968923 17.112305 19.143278 21.053571 24.503515 26.668153 28.832615 26.696586 24.234126 21.90931 20.531955 17.502913 18.999009 20.00491 16.609178 15.260777 18.113592 17.547251 14.180214 16.101045 14.641072 17.750336 16.981871 0.0 0.0 0.0 0.0 0.0 0.0 0.0 13.886724 16.080891 15.463725 11.666572 12.250353 14.674612 12.580878 10.232479 13.614159 15.191963 12.67976 13.366943 17.038538 18.124597 16.464853 19.419108 18.415488 22.154282 22.176937 20.258469 22.886335 23.726142 25.689849 28.936602 28.811404 0.0 0.0 0.0 0.0 0.0 0.0 0.0 0.0 0.0 0.0 0.0 0.0 0.0 0.0 0.0 0.0 0.0 0.0 0.0 0.0 0.0 
0.0 0.0 0.0 0.0 0.0 0.0 0.0 0.0 0.0 5.487925 3.796127 0.0 3.809885 5.917807 5.535547 5.828982 8.631073 10.146067 10.548744 12.287801 14.399995 15.45687 16.871956 19.084789 22.495772 25.04718 27.318316 25.025893 22.821961 20.403695 19.383486 16.59355 17.620905 18.080473 14.628418 13.328892 15.658904 14.736438 11.154353 13.050042 12.246106 15.712383 15.657249 0.0 0.0 0.0 0.0 0.0 0.0 0.0 12.909983 15.291796 15.590787 11.950521 11.929214 15.049132 13.849728 11.222619 14.287041 16.627147 14.682259 14.778759 17.766348 18.106217 16.088833 18.775216 18.222987 21.902828 21.310789 19.561867 22.397834 23.354405 24.9021 28.379092 28.187126 0.0 0.0 0.0 0.0 0.0 0.0 0.0 0.0 0.0 0.0 0.0 0.0 0.0 0.0 0.0 0.0 0.0 0.0 0.0 0.0 0.0 
0.0 0.0 0.0 0.0 0.0 0.0 0.0 0.0 0.0 4.673324 5.482593 3.809885 0.0 3.806008 5.45874 4.769283 6.059143 8.601885 9.753817 10.495161 12.274406 14.177516 15.482432 17.058423 20.708805 23.260163 25.118208 22.550122 20.011769 17.310066 15.913869 12.924453 13.950163 14.732162 11.422472 9.885772 12.637745 12.180619 8.901603 10.92596 9.505835 12.578869 12.395517 0.0 0.0 0.0 0.0 0.0 0.0 0.0 9.34287 11.505042 11.906521 8.38571 8.224555 11.519314 10.766304 8.431419 11.506035 13.980654 12.745066 13.123306 17.000705 17.524849 14.895181 17.034478 15.956452 19.462428 18.704509 16.53185 19.091735 19.772327 21.234798 24.715853 24.711024 0.0 0.0 0.0 0.0 0.0 0.0 0.0 0.0 0.0 0.0 0.0 0.0 0.0 0.0 0.0 0.0 0.0 0.0 0.0 0.0 0.0 
0.0 0.0 0.0 0.0 0.0 0.0 0.0 0.0 0.0 5.765165 5.882925 5.917807 3.806008 0.0 3.798459 5.28203 4.99215 6.218782 8.642788 9.884618 10.55189 12.361886 14.481579 15.779178 19.36383 21.421697 23.286589 21.053542 18.43626 16.162197 14.869334 12.108695 14.126356 14.937178 11.457415 10.861745 14.142947 13.39076 10.775562 13.505538 12.124734 14.59432 14.322035 0.0 0.0 0.0 0.0 0.0 0.0 0.0 10.744998 11.818147 11.654588 8.220827 7.242939 9.778064 8.666354 5.487375 8.37337 10.850387 9.307697 9.353977 13.414952 14.342072 11.845674 14.224335 12.925 16.57254 16.396318 14.383051 17.086059 18.162789 20.212595 23.44297 23.077353 0.0 0.0 0.0 0.0 0.0 0.0 0.0 0.0 0.0 0.0 0.0 0.0 0.0 0.0 0.0 0.0 0.0 0.0 0.0 0.0 0.0 
0.0 0.0 0.0 0.0 0.0 0.0 0.0 0.0 0.0 8.258428 6.585145 5.535547 5.45874 3.798459 0.0 3.816354 5.343494 5.034746 6.210042 8.704745 9.890731 10.568883 12.762153 14.848243 18.119839 20.243706 22.638126 20.746457 18.704066 16.899926 16.440292 14.306048 16.266037 16.245993 12.484636 12.595382 15.33493 13.67218 10.948436 14.083685 13.687353 16.539441 16.957533 0.0 0.0 0.0 0.0 0.0 0.0 0.0 13.651271 14.708968 15.107532 11.830568 10.274224 12.901061 12.148088 8.590121 10.556195 13.406921 11.579533 10.478338 12.501411 12.633801 10.570417 13.429278 13.170229 16.918062 16.614108 15.396557 18.615881 20.278621 22.267987 25.54161 24.730792 0.0 0.0 0.0 0.0 0.0 0.0 0.0 0.0 0.0 0.0 0.0 0.0 0.0 0.0 0.0 0.0 0.0 0.0 0.0 0.0 0.0 
0.0 0.0 0.0 0.0 0.0 0.0 0.0 0.0 0.0 9.15823 8.477239 5.828982 4.769283 5.28203 3.816354 0.0 3.812735 5.552817 5.23992 6.460191 8.871467 10.055964 11.139114 13.295273 16.713897 19.402224 21.65467 19.338768 17.378031 15.185 14.847864 12.817397 14.050313 13.609638 9.890708 9.847448 12.048647 10.191953 7.254254 10.441111 10.577643 13.570871 14.607105 0.0 0.0 0.0 0.0 0.0 0.0 0.0 11.769596 13.024004 14.314593 11.367525 9.544875 12.856056 13.009352 9.864092 11.67012 14.959538 13.953567 12.985721 15.047396 14.602003 11.919377 13.976013 13.864327 17.327366 16.183046 14.825185 17.986167 19.443315 20.837999 24.359984 23.726611 0.0 0.0 0.0 0.0 0.0 0.0 0.0 0.0 0.0 0.0 0.0 0.0 0.0 0.0 0.0 0.0 0.0 0.0 0.0 0.0 0.0 
0.0 0.0 0.0 0.0 0.0 0.0 0.0 0.0 0.0 10.001825 10.275161 8.631073 6.059143 4.99215 5.343494 3.812735 0.0 3.788537 5.372299 5.128104 6.236961 8.608199 9.984706 11.133527 14.820574 17.256671 19.06645 16.597676 14.208979 11.907416 11.317972 9.34574 11.173815 10.932205 7.17876 7.786875 10.649266 9.112969 7.279612 10.732085 10.338746 12.422997 13.356627 0.0 0.0 0.0 0.0 0.0 0.0 0.0 10.193003 10.416603 11.713551 9.312663 6.554346 9.575781 10.387789 7.367751 8.433894 11.979259 11.746077 10.735569 13.45858 13.316244 10.036545 11.449563 10.693411 14.023387 12.877465 11.152743 14.217252 15.691295 17.275836 20.707461 20.02831 0.0 0.0 0.0 0.0 0.0 0.0 0.0 0.0 0.0 0.0 0.0 0.0 0.0 0.0 0.0 0.0 0.0 0.0 0.0 0.0 0.0 
0.0 0.0 0.0 0.0 0.0 0.0 0.0 0.0 0.0 11.926968 11.236438 10.146067 8.601885 6.218782 5.034746 5.552817 3.788537 0.0 3.824073 5.423879 5.108664 6.195578 8.828134 10.260753 13.55678 15.455508 17.687838 15.882666 13.894688 12.536292 12.674652 11.447834 13.935685 13.344911 9.68681 11.207819 13.91849 11.850833 10.45998 14.136725 14.089188 16.077143 17.026949 0.0 0.0 0.0 0.0 0.0 0.0 0.0 13.736311 13.50408 14.38319 12.045513 9.10158 11.157469 11.623289 8.056375 8.120239 11.668457 10.992139 8.851552 10.00823 9.582819 6.516755 8.661164 8.585235 12.191608 11.65368 10.843241 14.350157 16.567448 18.644328 21.759492 20.480339 0.0 0.0 0.0 0.0 0.0 0.0 0.0 0.0 0.0 0.0 0.0 0.0 0.0 0.0 0.0 0.0 0.0 0.0 0.0 0.0 0.0 
0.0 0.0 0.0 0.0 0.0 0.0 0.0 0.0 0.0 13.788062 12.648477 10.548744 9.753817 8.642788 6.210042 5.23992 5.372299 3.824073 0.0 3.799623 5.53374 5.120012 6.674505 9.347218 12.308211 14.759874 17.450772 15.708504 14.450969 13.285747 14.179493 13.423285 15.214257 13.79494 10.156375 11.917085 13.733326 10.867166 9.463074 13.200808 14.15372 16.463487 18.103642 0.0 0.0 0.0 0.0 0.0 0.0 0.0 15.297418 15.414206 16.977102 14.661621 11.75541 14.320792 15.097667 11.625724 11.816819 15.449717 14.77786 12.516524 12.31022 10.768089 8.128875 9.932465 11.047749 14.242539 12.992911 12.830457 16.483371 18.83976 20.400009 23.666287 22.249977 0.0 0.0 0.0 0.0 0.0 0.0 0.0 0.0 0.0 0.0 0.0 0.0 0.0 0.0 0.0 0.0 0.0 0.0 0.0 0.0 0.0 
0.0 0.0 0.0 0.0 0.0 0.0 0.0 0.0 0.0 14.858825 14.627504 12.287801 10.495161 9.884618 8.704745 6.460191 5.128104 5.423879 3.799623 0.0 3.80624 5.280546 5.119932 6.925705 10.374484 13.318729 15.475226 13.116306 11.670036 10.064908 11.132731 10.799229 12.153539 10.245079 6.820609 9.201816 10.587532 7.562743 7.230018 10.968106 12.150305 13.842018 15.937683 0.0 0.0 0.0 0.0 0.0 0.0 0.0 13.537071 13.176972 15.388065 13.761139 10.496769 13.113844 14.786078 11.886805 11.673835 15.475672 15.697694 13.757339 14.316573 12.837472 9.531584 9.94243 10.659675 13.307373 11.192653 10.723069 14.158867 16.308037 17.369971 20.757085 19.478824 0.0 0.0 0.0 0.0 0.0 0.0 0.0 0.0 0.0 0.0 0.0 0.0 0.0 0.0 0.0 0.0 0.0 0.0 0.0 0.0 0.0 
0.0 0.0 0.0 0.0 0.0 0.0 0.0 0.0 0.0 16.055814 15.968923 14.399995 12.274406 10.55189 9.890731 8.871467 6.236961 5.108664 5.53374 3.80624 0.0 3.797825 5.238548 5.336449 8.887737 11.038472 12.94995 10.855819 9.079224 8.128118 9.453483 9.751564 12.055814 10.41094 7.398196 10.430866 12.366542 9.901083 10.263538 13.894266 14.465549 15.521263 17.228512 0.0 0.0 0.0 0.0 0.0 0.0 0.0 14.510263 13.259654 15.014086 13.833773 10.158713 11.758222 13.652977 10.884847 9.51173 13.2265 13.898037 11.549058 11.797343 10.498646 6.846363 6.441046 6.97506 9.509676 7.646335 7.519863 11.216511 13.895594 15.502662 18.544741 16.847354 0.0 0.0 0.0 0.0 0.0 0.0 0.0 0.0 0.0 0.0 0.0 0.0 0.0 0.0 0.0 0.0 0.0 0.0 0.0 0.0 0.0 
0.0 0.0 0.0 0.0 0.0 0.0 0.0 0.0 0.0 17.980527 17.112305 15.45687 14.177516 12.361886 10.568883 10.055964 8.608199 6.195578 5.120012 5.280546 3.797825 0.0 3.815419 5.592647 7.94155 9.814427 12.667971 11.518544 10.891414 10.999898 12.972581 13.543454 15.761292 13.791702 10.846045 13.821505 15.403082 12.397117 12.509634 16.230545 17.313615 18.759879 20.640279 0.0 0.0 0.0 0.0 0.0 0.0 0.0 17.92055 16.964992 18.624379 17.114477 13.587055 15.1868 16.636965 13.467307 12.122462 15.673938 15.760922 12.781923 10.939869 8.546136 5.735371 5.872031 8.250927 10.593176 9.164134 10.341993 14.103095 17.172179 18.837873 21.660604 19.549608 0.0 0.0 0.0 0.0 0.0 0.0 0.0 0.0 0.0 0.0 0.0 0.0 0.0 0.0 0.0 0.0 0.0 0.0 0.0 0.0 0.0 
0.0 0.0 0.0 0.0 0.0 0.0 0.0 0.0 0.0 19.756192 19.143278 16.871956 15.482432 14.481579 12.762153 11.139114 9.984706 8.828134 6.674505 5.119932 5.238548 3.815419 0.0 3.802843 5.921479 9.001914 11.755652 10.170412 10.21521 10.249721 12.821491 13.890326 15.301229 12.575875 10.150213 13.363396 13.99411 10.586248 11.461321 14.858871 16.637307 17.854398 20.339794 0.0 0.0 0.0 0.0 0.0 0.0 0.0 18.202775 17.267131 19.599681 18.416224 14.865383 16.814979 18.788297 15.897837 14.719478 18.408737 18.866473 16.189424 14.723259 12.175601 9.480094 8.720686 10.970564 12.601297 10.118529 11.363045 14.832044 17.687651 18.608253 21.561419 19.526987 0.0 0.0 0.0 0.0 0.0 0.0 0.0 0.0 0.0 0.0 0.0 0.0 0.0 0.0 0.0 0.0 0.0 0.0 0.0 0.0 0.0 
0.0 0.0 0.0 0.0 0.0 0.0 0.0 0.0 0.0 21.125146 21.053571 19.084789 17.058423 15.779178 14.848243 13.295273 11.133527 10.260753 9.347218 6.925705 5.336449 5.592647 3.802843 0.0 3.821748 6.775497 8.641357 6.532425 6.471584 7.12126 10.282123 12.236568 13.768141 10.944148 9.373991 13.069474 13.69617 10.838529 12.641037 15.799752 17.200092 17.619571 20.041202 0.0 0.0 0.0 0.0 0.0 0.0 0.0 18.037178 16.343857 18.70876 18.234059 14.486139 15.775545 18.293024 15.940703 14.064923 17.541802 18.734668 16.184062 15.160451 12.993146 9.98601 7.819796 9.548216 10.211877 7.07742 8.664019 11.775845 14.758211 15.551365 18.242042 15.985678 0.0 0.0 0.0 0.0 0.0 0.0 0.0 0.0 0.0 0.0 0.0 0.0 0.0 0.0 0.0 0.0 0.0 0.0 0.0 0.0 0.0 
0.0 0.0 0.0 0.0 0.0 0.0 0.0 0.0 0.0 24.799601 24.503515 22.495772 20.708805 19.36383 18.119839 16.713897 14.820574 13.55678 12.308211 10.374484 8.887737 7.94155 5.921479 3.821748 0.0 3.806302 6.220441 5.486512 7.545185 9.576443 13.193316 15.661353 17.058159 14.002151 12.96443 16.688211 16.914594 13.972972 16.019575 18.999269 20.7137 21.00163 23.603406 0.0 0.0 0.0 0.0 0.0 0.0 0.0 21.768115 19.950343 22.340566 22.00926 18.240733 19.293618 21.839034 19.489009 17.333575 20.624245 21.849131 19.004838 16.877898 14.213557 11.955765 9.331753 11.787963 11.534177 8.592439 11.222051 13.887595 17.072406 17.66359 19.874895 17.167288 0.0 0.0 0.0 0.0 0.0 0.0 0.0 0.0 0.0 0.0 0.0 0.0 0.0 0.0 0.0 0.0 0.0 0.0 0.0 0.0 0.0 
0.0 0.0 0.0 0.0 0.0 0.0 0.0 0.0 0.0 27.048224 26.668153 25.04718 23.260163 21.421697 20.243706 19.402224 17.256671 15.455508 14.759874 13.318729 11.038472 9.814427 9.001914 6.775497 3.806302 0.0 3.812132 5.555258 8.199 11.270076 14.828496 17.562411 19.405478 16.674711 15.782333 19.556981 20.124481 17.420071 19.402358 22.492154 23.918257 24.059242 26.399045 0.0 0.0 0.0 0.0 0.0 0.0 0.0 24.356758 22.210589 24.222086 24.05061 20.24047 20.694751 23.142446 20.906421 18.238442 21.125375 22.466577 19.388002 16.471894 13.82742 12.236168 9.06216 11.712951 10.509007 8.360277 11.822241 14.11118 17.604715 18.557819 20.165519 16.974282 0.0 0.0 0.0 0.0 0.0 0.0 0.0 0.0 0.0 0.0 0.0 0.0 0.0 0.0 0.0 0.0 0.0 0.0 0.0 0.0 0.0 
0.0 0.0 0.0 0.0 0.0 0.0 0.0 0.0 0.0 28.778069 28.832615 27.318316 25.118208 23.286589 22.638126 21.65467 19.06645 17.687838 17.450772 15.475226 12.94995 12.667971 11.755652 8.641357 6.220441 3.812132 0.0 3.816049 6.989713 10.630256 14.16396 17.431348 19.100095 16.48896 16.406234 20.169203 20.587775 18.39836 20.865868 23.656677 24.848903 24.397674 26.661599 0.0 0.0 0.0 0.0 0.0 0.0 0.0 24.877279 22.280366 24.292548 24.710795 20.954594 20.938382 23.744225 22.044843 19.081941 21.647173 23.558093 20.796633 18.612406 16.489517 14.649786 11.018988 12.719254 10.542719 8.212903 11.527258 12.827194 16.079273 16.688599 17.754683 14.377664 0.0 0.0 0.0 0.0 0.0 0.0 0.0 0.0 0.0 0.0 0.0 0.0 0.0 0.0 0.0 0.0 0.0 0.0 0.0 0.0 0.0 
0.0 0.0 0.0 0.0 0.0 0.0 0.0 0.0 0.0 26.295549 26.696586 25.025893 22.550122 21.053542 20.746457 19.338768 16.597676 15.882666 15.708504 13.116306 10.855819 11.518544 10.170412 6.532425 5.486512 5.555258 3.816049 0.0 3.797991 7.109359 10.793922 14.163467 15.490417 12.759018 12.993738 16.709602 16.9527 14.999092 17.717464 20.286567 21.401579 20.735896 23.070714 0.0 0.0 0.0 0.0 0.0 0.0 0.0 21.507683 18.895853 21.177565 21.766324 18.06754 18.265139 21.342377 19.84149 17.139876 19.911195 22.015738 19.640273 18.617306 16.7867 14.190412 10.714506 11.736343 10.088669 6.745836 9.186431 10.478097 13.419564 13.639366 15.226829 12.268145 0.0 0.0 0.0 0.0 0.0 0.0 0.0 0.0 0.0 0.0 0.0 0.0 0.0 0.0 0.0 0.0 0.0 0.0 0.0 0.0 0.0 
0.0 0.0 0.0 0.0 0.0 0.0 0.0 0.0 0.0 23.470654 24.234126 22.821961 20.011769 18.43626 18.704066 17.378031 14.208979 13.894688 14.450969 11.670036 9.079224 10.891414 10.21521 6.471584 7.545185 8.199 6.989713 3.797991 0.0 3.79163 7.180977 10.584948 12.23719 10.040224 10.31007 13.879073 14.640381 13.226358 15.78973 18.347202 18.884504 18.041872 19.998677 0.0 0.0 0.0 0.0 0.0 0.0 0.0 18.286662 15.44726 17.536172 18.32678 14.703147 14.631138 17.837353 16.671395 13.94531 16.605034 18.98022 17.012653 17.18591 16.023475 12.936231 9.64538 9.481826 8.121636 4.463235 5.689853 6.899851 9.830855 10.394859 12.374622 9.71517 0.0 0.0 0.0 0.0 0.0 0.0 0.0 0.0 0.0 0.0 0.0 0.0 0.0 0.0 0.0 0.0 0.0 0.0 0.0 0.0 0.0 
0.0 0.0 0.0 0.0 0.0 0.0 0.0 0.0 0.0 20.747817 21.90931 20.403695 17.310066 16.162197 16.899926 15.185 11.907416 12.536292 13.285747 10.064908 8.128118 10.999898 10.249721 7.12126 9.576443 11.270076 10.630256 7.109359 3.79163 0.0 3.8251 7.165923 8.480626 6.352906 6.89719 10.266764 11.100687 10.201579 12.802173 15.092642 15.33234 14.306183 16.223648 0.0 0.0 0.0 0.0 0.0 0.0 0.0 14.657982 11.83607 14.242679 15.154789 11.671099 11.967239 15.401558 14.494726 12.330682 15.159367 17.584981 16.193047 17.673408 16.899793 13.351833 10.832228 9.887944 9.676143 6.280736 5.043863 6.279419 8.246982 8.462533 11.391924 9.804168 0.0 0.0 0.0 0.0 0.0 0.0 0.0 0.0 0.0 0.0 0.0 0.0 0.0 0.0 0.0 0.0 0.0 0.0 0.0 0.0 0.0 
0.0 0.0 0.0 0.0 0.0 0.0 0.0 0.0 0.0 18.802808 20.531955 19.383486 15.913869 14.869334 16.440292 14.847864 11.317972 12.674652 14.179493 11.132731 9.453483 12.972581 12.821491 10.282123 13.193316 14.828496 14.16396 10.793922 7.180977 3.8251 0.0 3.822259 5.513097 5.190556 6.126064 8.413637 9.964323 10.271279 12.400065 14.303746 13.622638 12.187641 13.414053 0.0 0.0 0.0 0.0 0.0 0.0 0.0 11.798693 8.533535 10.716941 12.171719 9.075003 8.928431 12.613498 12.47912 10.643689 13.051945 15.800522 15.220339 18.17281 18.140611 14.462712 12.544467 10.5099 10.786441 8.346948 5.296691 5.390004 5.806333 6.2508 9.73811 9.272682 0.0 0.0 0.0 0.0 0.0 0.0 0.0 0.0 0.0 0.0 0.0 0.0 0.0 0.0 0.0 0.0 0.0 0.0 0.0 0.0 0.0 
0.0 0.0 0.0 0.0 0.0 0.0 0.0 0.0 0.0 15.400392 17.502913 16.59355 12.924453 12.108695 14.306048 12.817397 9.34574 11.447834 13.423285 10.799229 9.751564 13.543454 13.890326 12.236568 15.661353 17.562411 17.431348 14.163467 10.584948 7.165923 3.822259 0.0 3.792817 5.592441 5.318005 6.028455 8.715563 9.703767 10.804671 12.560887 11.050599 9.908912 10.402921 0.0 0.0 0.0 0.0 0.0 0.0 0.0 8.261589 5.007705 7.084427 8.384284 5.555607 5.833546 9.465368 9.655772 8.771571 11.107288 13.582468 13.706609 17.828005 18.285207 14.572047 13.611261 11.154517 12.469424 10.74724 7.213962 7.75875 7.371386 8.312892 11.859628 12.15895 0.0 0.0 0.0 0.0 0.0 0.0 0.0 0.0 0.0 0.0 0.0 0.0 0.0 0.0 0.0 0.0 0.0 0.0 0.0 0.0 0.0 
0.0 0.0 0.0 0.0 0.0 0.0 0.0 0.0 0.0 16.60309 18.999009 17.620905 13.950163 14.126356 16.266037 14.050313 11.173815 13.935685 15.214257 12.153539 12.055814 15.761292 15.301229 13.768141 17.058159 19.405478 19.100095 15.490417 12.23719 8.480626 5.513097 3.792817 0.0 3.803491 5.434197 4.842029 6.190508 8.397168 10.034967 10.693929 9.209907 7.016886 8.082393 0.0 0.0 0.0 0.0 0.0 0.0 0.0 7.340578 4.412854 7.825952 9.569813 7.709858 8.75616 12.133003 12.568022 12.344359 14.593692 16.915762 17.251557 21.322608 21.505413 17.722883 16.711763 14.653679 15.788524 13.529713 10.319184 10.434837 9.2919 8.632591 12.365945 13.365324 0.0 0.0 0.0 0.0 0.0 0.0 0.0 0.0 0.0 0.0 0.0 0.0 0.0 0.0 0.0 0.0 0.0 0.0 0.0 0.0 0.0 
0.0 0.0 0.0 0.0 0.0 0.0 0.0 0.0 0.0 18.186122 20.00491 18.080473 14.732162 14.937178 16.245993 13.609638 10.932205 13.344911 13.79494 10.245079 10.41094 13.791702 12.575875 10.944148 14.002151 16.674711 16.48896 12.759018 10.040224 6.352906 5.190556 5.592441 3.803491 0.0 3.805099 5.346438 5.16435 6.017634 8.830806 9.88057 9.821315 8.161831 10.554846 0.0 0.0 0.0 0.0 0.0 0.0 0.0 9.957443 7.784887 11.285294 12.317552 9.714853 11.246082 14.630853 14.197086 13.594232 16.444725 18.566787 18.141912 21.070918 20.58406 16.791373 15.429209 14.168932 15.106873 12.155605 9.765325 10.549664 10.454255 9.47339 13.206193 13.406592 0.0 0.0 0.0 0.0 0.0 0.0 0.0 0.0 0.0 0.0 0.0 0.0 0.0 0.0 0.0 0.0 0.0 0.0 0.0 0.0 0.0 
0.0 0.0 0.0 0.0 0.0 0.0 0.0 0.0 0.0 15.191135 16.609178 14.628418 11.422472 11.457415 12.484636 9.890708 7.17876 9.68681 10.156375 6.820609 7.398196 10.846045 10.150213 9.373991 12.96443 15.782333 16.406234 12.993738 10.31007 6.89719 6.126064 5.318005 5.434197 3.805099 0.0 3.793495 5.380714 4.666175 6.291301 8.614176 8.626172 8.519892 10.673037 0.0 0.0 0.0 0.0 0.0 0.0 0.0 8.962523 7.553954 10.679908 10.54485 7.46478 9.811564 12.690429 11.447336 11.193771 14.490584 16.007808 15.326083 18.103395 17.588836 13.814204 13.118621 12.065402 13.85354 11.242739 8.976032 10.964281 11.695014 11.871993 15.590747 15.317672 0.0 0.0 0.0 0.0 0.0 0.0 0.0 0.0 0.0 0.0 0.0 0.0 0.0 0.0 0.0 0.0 0.0 0.0 0.0 0.0 0.0 
0.0 0.0 0.0 0.0 0.0 0.0 0.0 0.0 0.0 13.214688 15.260777 13.328892 9.885772 10.861745 12.595382 9.847448 7.786875 11.207819 11.917085 9.201816 10.430866 13.821505 13.363396 13.069474 16.688211 19.556981 20.169203 16.709602 13.879073 10.266764 8.413637 6.028455 4.842029 5.346438 3.793495 0.0 3.810518 5.324453 5.488817 6.59449 5.274425 5.197852 7.02358 0.0 0.0 0.0 0.0 0.0 0.0 0.0 5.505091 5.22271 8.620944 8.351944 6.476002 9.416904 11.857493 11.192348 12.026235 14.903936 16.196859 16.321443 20.115 20.036646 16.336244 16.210091 14.75274 16.845497 14.625922 11.865484 13.35162 13.192936 13.174325 16.948284 17.43365 0.0 0.0 0.0 0.0 0.0 0.0 0.0 0.0 0.0 0.0 0.0 0.0 0.0 0.0 0.0 0.0 0.0 0.0 0.0 0.0 0.0 
0.0 0.0 0.0 0.0 0.0 0.0 0.0 0.0 0.0 16.225734 18.113592 15.658904 12.637745 14.142947 15.33493 12.048647 10.649266 13.91849 13.733326 10.587532 12.366542 15.403082 13.99411 13.69617 16.914594 20.124481 20.587775 16.9527 14.640381 11.100687 9.964323 8.715563 6.190508 5.16435 5.380714 3.810518 0.0 3.791969 5.533431 5.000624 5.33807 4.332369 7.805186 0.0 0.0 0.0 0.0 0.0 0.0 0.0 8.071611 8.044559 11.759038 11.889535 10.277723 13.022426 15.62543 14.967712 15.629094 18.585761 19.960928 19.876642 23.109016 22.573792 18.871463 18.402074 17.426646 19.144911 16.371572 14.034804 15.312332 15.046303 14.119753 17.871068 18.461411 0.0 0.0 0.0 0.0 0.0 0.0 0.0 0.0 0.0 0.0 0.0 0.0 0.0 0.0 0.0 0.0 0.0 0.0 0.0 0.0 0.0 
0.0 0.0 0.0 0.0 0.0 0.0 0.0 0.0 0.0 16.425064 17.547251 14.736438 12.180619 13.39076 13.67218 10.191953 9.112969 11.850833 10.867166 7.562743 9.901083 12.397117 10.586248 10.838529 13.972972 17.420071 18.39836 14.999092 13.226358 10.201579 10.271279 9.703767 8.397168 6.017634 4.666175 5.324453 3.791969 0.0 3.811456 5.30119 7.269259 7.843932 11.113155 0.0 0.0 0.0 0.0 0.0 0.0 0.0 10.491149 10.431685 13.909375 13.36845 10.999349 13.972042 16.444935 14.935754 15.319343 18.733041 19.771494 19.002222 21.198316 20.146739 16.575409 16.16922 15.919743 17.779933 14.83851 13.236959 15.293667 15.950945 15.440756 19.167196 19.011421 0.0 0.0 0.0 0.0 0.0 0.0 0.0 0.0 0.0 0.0 0.0 0.0 0.0 0.0 0.0 0.0 0.0 0.0 0.0 0.0 0.0 
0.0 0.0 0.0 0.0 0.0 0.0 0.0 0.0 0.0 13.248872 14.180214 11.154353 8.901603 10.775562 10.948436 7.254254 7.279612 10.45998 9.463074 7.230018 10.263538 12.509634 11.461321 12.641037 16.019575 19.402358 20.865868 17.717464 15.78973 12.802173 12.400065 10.804671 10.034967 8.830806 6.291301 5.488817 5.533431 3.811456 0.0 3.800707 5.530764 7.932469 10.515688 0.0 0.0 0.0 0.0 0.0 0.0 0.0 9.336365 10.47151 13.406756 11.901361 10.067951 13.611899 15.292526 13.445574 14.678977 18.054792 18.42037 17.873228 20.383743 19.570264 16.196781 16.680008 16.372428 18.904196 16.498473 14.732865 17.138943 17.825517 17.870714 21.651338 21.579521 0.0 0.0 0.0 0.0 0.0 0.0 0.0 0.0 0.0 0.0 0.0 0.0 0.0 0.0 0.0 0.0 0.0 0.0 0.0 0.0 0.0 
0.0 0.0 0.0 0.0 0.0 0.0 0.0 0.0 0.0 14.679475 16.101045 13.050042 10.92596 13.505538 14.083685 10.441111 10.732085 14.136725 13.200808 10.968106 13.894266 16.230545 14.858871 15.799752 18.999269 22.492154 23.656677 20.286567 18.347202 15.092642 14.303746 12.560887 10.693929 9.88057 8.614176 6.59449 5.000624 5.30119 3.800707 0.0 3.800442 6.082488 9.055433 0.0 0.0 0.0 0.0 0.0 0.0 0.0 9.281468 11.035252 14.168619 13.080112 12.10535 15.572703 17.275417 16.037051 17.565864 20.655611 21.169223 21.075921 24.052904 23.354514 19.952154 20.307732 19.793665 22.136436 19.576749 17.543661 19.442497 19.515372 18.97227 22.752442 23.204328 0.0 0.0 0.0 0.0 0.0 0.0 0.0 0.0 0.0 0.0 0.0 0.0 0.0 0.0 0.0 0.0 0.0 0.0 0.0 0.0 0.0 
0.0 0.0 0.0 0.0 0.0 0.0 0.0 0.0 0.0 12.449947 14.641072 12.246106 9.505835 12.124734 13.687353 10.577643 10.338746 14.089188 14.15372 12.150305 14.465549 17.313615 16.637307 17.200092 20.7137 23.918257 24.848903 21.401579 18.884504 15.33234 13.622638 11.050599 9.209907 9.821315 8.626172 5.274425 5.33807 7.269259 5.530764 3.800442 0.0 3.852324 5.615863 0.0 0.0 0.0 0.0 0.0 0.0 0.0 5.771539 8.243763 10.986979 9.959566 9.828934 13.166668 14.609792 13.994864 15.914744 18.550479 19.14799 19.688707 23.657175 23.563169 20.095199 20.594714 19.401651 21.843621 19.690906 17.064135 18.589847 18.152534 17.839287 21.566539 22.434635 0.0 0.0 0.0 0.0 0.0 0.0 0.0 0.0 0.0 0.0 0.0 0.0 0.0 0.0 0.0 0.0 0.0 0.0 0.0 0.0 0.0 
0.0 0.0 0.0 0.0 0.0 0.0 0.0 0.0 0.0 15.170057 17.750336 15.712383 12.578869 14.59432 16.539441 13.570871 12.422997 16.077143 16.463487 13.842018 15.521263 18.759879 17.854398 17.619571 21.00163 24.059242 24.397674 20.735896 18.041872 14.306183 12.187641 9.908912 7.016886 8.161831 8.519892 5.197852 4.332369 7.843932 7.932469 6.082488 3.852324 0.0 3.815003 0.0 0.0 0.0 0.0 0.0 0.0 0.0 5.686018 6.871128 10.118568 10.49316 10.337653 12.934035 15.053159 15.183368 16.54017 18.90535 20.210719 20.921004 25.161809 25.166172 21.49917 21.381676 19.851082 21.746626 19.402068 16.514546 17.304588 16.247644 15.317478 18.927286 20.241112 0.0 0.0 0.0 0.0 0.0 0.0 0.0 0.0 0.0 0.0 0.0 0.0 0.0 0.0 0.0 0.0 0.0 0.0 0.0 0.0 0.0 
0.0 0.0 0.0 0.0 0.0 0.0 0.0 0.0 0.0 13.829142 16.981871 15.657249 12.395517 14.322035 16.957533 14.607105 13.356627 17.026949 18.103642 15.937683 17.228512 20.640279 20.339794 20.041202 23.603406 26.399045 26.661599 23.070714 19.998677 16.223648 13.414053 10.402921 8.082393 10.554846 10.673037 7.02358 7.805186 11.113155 10.515688 9.055433 5.615863 3.815003 0.0 0.0 0.0 0.0 0.0 0.0 0.0 0.0 3.822724 5.876018 7.934531 8.556753 9.726559 11.842908 13.39691 14.289928 16.083946 17.797976 19.056557 20.445797 25.518978 26.076402 22.501517 22.654884 20.603483 22.62755 20.803531 17.512443 17.965229 16.428724 15.882676 19.260603 20.976448 0.0 0.0 0.0 0.0 0.0 0.0 0.0 0.0 0.0 0.0 0.0 0.0 0.0 0.0 0.0 0.0 0.0 0.0 0.0 0.0 0.0 
0.0 0.0 0.0 0.0 0.0 0.0 0.0 0.0 0.0 0.0 0.0 0.0 0.0 0.0 0.0 0.0 0.0 0.0 0.0 0.0 0.0 0.0 0.0 0.0 0.0 0.0 0.0 0.0 0.0 0.0 0.0 0.0 0.0 0.0 0.0 0.0 0.0 0.0 0.0 0.0 0.0 0.0 0.0 0.0 0.0 0.0 0.0 0.0 0.0 0.0 0.0 0.0 0.0 0.0 0.0 0.0 0.0 0.0 0.0 0.0 0.0 0.0 0.0 0.0 0.0 0.0 0.0 0.0 0.0 0.0 0.0 0.0 0.0 0.0 0.0 0.0 0.0 0.0 0.0 0.0 0.0 0.0 0.0 0.0 0.0 0.0 0.0 0.0 0.0 0.0 0.0 0.0 0.0 0.0 0.0 0.0 
0.0 0.0 0.0 0.0 0.0 0.0 0.0 0.0 0.0 0.0 0.0 0.0 0.0 0.0 0.0 0.0 0.0 0.0 0.0 0.0 0.0 0.0 0.0 0.0 0.0 0.0 0.0 0.0 0.0 0.0 0.0 0.0 0.0 0.0 0.0 0.0 0.0 0.0 0.0 0.0 0.0 0.0 0.0 0.0 0.0 0.0 0.0 0.0 0.0 0.0 0.0 0.0 0.0 0.0 0.0 0.0 0.0 0.0 0.0 0.0 0.0 0.0 0.0 0.0 0.0 0.0 0.0 0.0 0.0 0.0 0.0 0.0 0.0 0.0 0.0 0.0 0.0 0.0 0.0 0.0 0.0 0.0 0.0 0.0 0.0 0.0 0.0 0.0 0.0 0.0 0.0 0.0 0.0 0.0 0.0 0.0 
0.0 0.0 0.0 0.0 0.0 0.0 0.0 0.0 0.0 0.0 0.0 0.0 0.0 0.0 0.0 0.0 0.0 0.0 0.0 0.0 0.0 0.0 0.0 0.0 0.0 0.0 0.0 0.0 0.0 0.0 0.0 0.0 0.0 0.0 0.0 0.0 0.0 0.0 0.0 0.0 0.0 0.0 0.0 0.0 0.0 0.0 0.0 0.0 0.0 0.0 0.0 0.0 0.0 0.0 0.0 0.0 0.0 0.0 0.0 0.0 0.0 0.0 0.0 0.0 0.0 0.0 0.0 0.0 0.0 0.0 0.0 0.0 0.0 0.0 0.0 0.0 0.0 0.0 0.0 0.0 0.0 0.0 0.0 0.0 0.0 0.0 0.0 0.0 0.0 0.0 0.0 0.0 0.0 0.0 0.0 0.0 
0.0 0.0 0.0 0.0 0.0 0.0 0.0 0.0 0.0 0.0 0.0 0.0 0.0 0.0 0.0 0.0 0.0 0.0 0.0 0.0 0.0 0.0 0.0 0.0 0.0 0.0 0.0 0.0 0.0 0.0 0.0 0.0 0.0 0.0 0.0 0.0 0.0 0.0 0.0 0.0 0.0 0.0 0.0 0.0 0.0 0.0 0.0 0.0 0.0 0.0 0.0 0.0 0.0 0.0 0.0 0.0 0.0 0.0 0.0 0.0 0.0 0.0 0.0 0.0 0.0 0.0 0.0 0.0 0.0 0.0 0.0 0.0 0.0 0.0 0.0 0.0 0.0 0.0 0.0 0.0 0.0 0.0 0.0 0.0 0.0 0.0 0.0 0.0 0.0 0.0 0.0 0.0 0.0 0.0 0.0 0.0 
0.0 0.0 0.0 0.0 0.0 0.0 0.0 0.0 0.0 0.0 0.0 0.0 0.0 0.0 0.0 0.0 0.0 0.0 0.0 0.0 0.0 0.0 0.0 0.0 0.0 0.0 0.0 0.0 0.0 0.0 0.0 0.0 0.0 0.0 0.0 0.0 0.0 0.0 0.0 0.0 0.0 0.0 0.0 0.0 0.0 0.0 0.0 0.0 0.0 0.0 0.0 0.0 0.0 0.0 0.0 0.0 0.0 0.0 0.0 0.0 0.0 0.0 0.0 0.0 0.0 0.0 0.0 0.0 0.0 0.0 0.0 0.0 0.0 0.0 0.0 0.0 0.0 0.0 0.0 0.0 0.0 0.0 0.0 0.0 0.0 0.0 0.0 0.0 0.0 0.0 0.0 0.0 0.0 0.0 0.0 0.0 
0.0 0.0 0.0 0.0 0.0 0.0 0.0 0.0 0.0 0.0 0.0 0.0 0.0 0.0 0.0 0.0 0.0 0.0 0.0 0.0 0.0 0.0 0.0 0.0 0.0 0.0 0.0 0.0 0.0 0.0 0.0 0.0 0.0 0.0 0.0 0.0 0.0 0.0 0.0 0.0 0.0 0.0 0.0 0.0 0.0 0.0 0.0 0.0 0.0 0.0 0.0 0.0 0.0 0.0 0.0 0.0 0.0 0.0 0.0 0.0 0.0 0.0 0.0 0.0 0.0 0.0 0.0 0.0 0.0 0.0 0.0 0.0 0.0 0.0 0.0 0.0 0.0 0.0 0.0 0.0 0.0 0.0 0.0 0.0 0.0 0.0 0.0 0.0 0.0 0.0 0.0 0.0 0.0 0.0 0.0 0.0 
0.0 0.0 0.0 0.0 0.0 0.0 0.0 0.0 0.0 0.0 0.0 0.0 0.0 0.0 0.0 0.0 0.0 0.0 0.0 0.0 0.0 0.0 0.0 0.0 0.0 0.0 0.0 0.0 0.0 0.0 0.0 0.0 0.0 0.0 0.0 0.0 0.0 0.0 0.0 0.0 0.0 0.0 0.0 0.0 0.0 0.0 0.0 0.0 0.0 0.0 0.0 0.0 0.0 0.0 0.0 0.0 0.0 0.0 0.0 0.0 0.0 0.0 0.0 0.0 0.0 0.0 0.0 0.0 0.0 0.0 0.0 0.0 0.0 0.0 0.0 0.0 0.0 0.0 0.0 0.0 0.0 0.0 0.0 0.0 0.0 0.0 0.0 0.0 0.0 0.0 0.0 0.0 0.0 0.0 0.0 0.0 
0.0 0.0 0.0 0.0 0.0 0.0 0.0 0.0 0.0 10.769571 13.886724 12.909983 9.34287 10.744998 13.651271 11.769596 10.193003 13.736311 15.297418 13.537071 14.510263 17.92055 18.202775 18.037178 21.768115 24.356758 24.877279 21.507683 18.286662 14.657982 11.798693 8.261589 7.340578 9.957443 8.962523 5.505091 8.071611 10.491149 9.336365 9.281468 5.771539 5.686018 3.822724 0.0 0.0 0.0 0.0 0.0 0.0 0.0 0.0 3.813297 5.376214 4.954455 6.110581 8.576126 9.85033 10.486953 12.485553 14.273163 15.311014 16.686168 21.896961 22.660568 19.185515 19.635757 17.457404 19.797308 18.364825 15.044833 15.911416 14.849621 15.164762 18.612629 19.86323 0.0 0.0 0.0 0.0 0.0 0.0 0.0 0.0 0.0 0.0 0.0 0.0 0.0 0.0 0.0 0.0 0.0 0.0 0.0 0.0 0.0 
0.0 0.0 0.0 0.0 0.0 0.0 0.0 0.0 0.0 13.185111 16.080891 15.291796 11.505042 11.818147 14.708968 13.024004 10.416603 13.50408 15.414206 13.176972 13.259654 16.964992 17.267131 16.343857 19.950343 22.210589 22.280366 18.895853 15.44726 11.83607 8.533535 5.007705 4.412854 7.784887 7.553954 5.22271 8.044559 10.431685 10.47151 11.035252 8.243763 6.871128 5.876018 0.0 0.0 0.0 0.0 0.0 0.0 0.0 3.813297 0.0 3.811696 5.520444 5.1546 6.41292 8.963586 10.037412 10.899602 12.604466 14.515166 15.680947 20.815368 21.61373 17.999918 17.807126 15.307457 17.11776 15.655493 12.112193 12.433144 11.085402 11.424412 14.832973 16.106452 0.0 0.0 0.0 0.0 0.0 0.0 0.0 0.0 0.0 0.0 0.0 0.0 0.0 0.0 0.0 0.0 0.0 0.0 0.0 0.0 0.0 
0.0 0.0 0.0 0.0 0.0 0.0 0.0 0.0 0.0 12.262301 15.463725 15.590787 11.906521 11.654588 15.107532 14.314593 11.713551 14.38319 16.977102 15.388065 15.014086 18.624379 19.599681 18.70876 22.340566 24.222086 24.292548 21.177565 17.536172 14.242679 10.716941 7.084427 7.825952 11.285294 10.679908 8.620944 11.759038 13.909375 13.406756 14.168619 10.986979 10.118568 7.934531 0.0 0.0 0.0 0.0 0.0 0.0 0.0 5.376214 3.811696 0.0 3.799638 5.290459 4.912033 6.392482 8.721358 9.945788 10.563514 12.45503 14.439596 20.410805 21.860497 18.522672 18.676393 15.682376 17.605333 16.942543 13.240109 13.271322 11.681669 12.822976 15.701943 17.123104 0.0 0.0 0.0 0.0 0.0 0.0 0.0 0.0 0.0 0.0 0.0 0.0 0.0 0.0 0.0 0.0 0.0 0.0 0.0 0.0 0.0 
0.0 0.0 0.0 0.0 0.0 0.0 0.0 0.0 0.0 8.501075 11.666572 11.950521 8.38571 8.220827 11.830568 11.367525 9.312663 12.045513 14.661621 13.761139 13.833773 17.114477 18.416224 18.234059 22.00926 24.05061 24.710795 21.766324 18.32678 15.154789 12.171719 8.384284 9.569813 12.317552 10.54485 8.351944 11.889535 13.36845 11.901361 13.080112 9.959566 10.49316 8.556753 0.0 0.0 0.0 0.0 0.0 0.0 0.0 4.954455 5.520444 3.799638 0.0 3.810201 5.275327 5.10509 6.319199 8.818206 9.912807 10.665421 12.618003 18.575989 20.028642 16.876871 17.765491 15.102666 17.726755 17.235197 13.852466 14.841573 14.117077 15.622023 18.705885 19.59924 0.0 0.0 0.0 0.0 0.0 0.0 0.0 0.0 0.0 0.0 0.0 0.0 0.0 0.0 0.0 0.0 0.0 0.0 0.0 0.0 0.0 
0.0 0.0 0.0 0.0 0.0 0.0 0.0 0.0 0.0 9.978335 12.250353 11.929214 8.224555 7.242939 10.274224 9.544875 6.554346 9.10158 11.75541 10.496769 10.158713 13.587055 14.865383 14.486139 18.240733 20.24047 20.954594 18.06754 14.703147 11.671099 9.075003 5.555607 7.709858 9.714853 7.46478 6.476002 10.277723 10.999349 10.067951 12.10535 9.828934 10.337653 9.726559 0.0 0.0 0.0 0.0 0.0 0.0 0.0 6.110581 5.1546 5.290459 3.810201 0.0 3.77801 5.463817 5.087605 6.421648 8.753274 9.946243 10.805529 16.019786 17.059839 13.656074 14.20134 11.696031 14.321478 13.567411 10.325986 11.830338 11.825195 13.522042 16.789483 17.08649 0.0 0.0 0.0 0.0 0.0 0.0 0.0 0.0 0.0 0.0 0.0 0.0 0.0 0.0 0.0 0.0 0.0 0.0 0.0 0.0 0.0 
0.0 0.0 0.0 0.0 0.0 0.0 0.0 0.0 0.0 12.346291 14.674612 15.049132 11.519314 9.778064 12.901061 12.856056 9.575781 11.157469 14.320792 13.113844 11.758222 15.1868 16.814979 15.775545 19.293618 20.694751 20.938382 18.265139 14.631138 11.967239 8.928431 5.833546 8.75616 11.246082 9.811564 9.416904 13.022426 13.972042 13.611899 15.572703 13.166668 12.934035 11.842908 0.0 0.0 0.0 0.0 0.0 0.0 0.0 8.576126 6.41292 4.912033 5.275327 3.77801 0.0 3.782451 5.361178 5.221105 6.212791 8.603616 9.993309 15.790007 17.390658 14.176109 14.299074 11.058036 13.125047 13.053603 9.517725 10.113899 9.686893 12.063619 14.786126 15.185075 0.0 0.0 0.0 0.0 0.0 0.0 0.0 0.0 0.0 0.0 0.0 0.0 0.0 0.0 0.0 0.0 0.0 0.0 0.0 0.0 0.0 
0.0 0.0 0.0 0.0 0.0 0.0 0.0 0.0 0.0 10.253599 12.580878 13.849728 10.766304 8.666354 12.148088 13.009352 10.387789 11.623289 15.097667 14.786078 13.652977 16.636965 18.788297 18.293024 21.839034 23.142446 23.744225 21.342377 17.837353 15.401558 12.613498 9.465368 12.133003 14.630853 12.690429 11.857493 15.62543 16.444935 15.292526 17.275417 14.609792 15.053159 13.39691 0.0 0.0 0.0 0.0 0.0 0.0 0.0 9.85033 8.963586 6.392482 5.10509 5.463817 3.782451 0.0 3.798172 5.434623 5.056091 6.130783 8.694372 15.294573 17.473536 14.755761 15.726657 12.541489 15.084437 15.665053 12.473588 13.35996 13.117214 15.710154 18.193917 18.572611 0.0 0.0 0.0 0.0 0.0 0.0 0.0 0.0 0.0 0.0 0.0 0.0 0.0 0.0 0.0 0.0 0.0 0.0 0.0 0.0 0.0 
0.0 0.0 0.0 0.0 0.0 0.0 0.0 0.0 0.0 8.843857 10.232479 11.222619 8.431419 5.487375 8.590121 9.864092 7.367751 8.056375 11.625724 11.886805 10.884847 13.467307 15.897837 15.940703 19.489009 20.906421 22.044843 19.84149 16.671395 14.494726 12.47912 9.655772 12.568022 14.197086 11.447336 11.192348 14.967712 14.935754 13.445574 16.037051 13.994864 15.183368 14.289928 0.0 0.0 0.0 0.0 0.0 0.0 0.0 10.486953 10.037412 8.721358 6.319199 5.087605 5.361178 3.798172 0.0 3.804229 5.549499 5.167849 6.36778 12.415655 14.282095 11.58165 13.12145 10.492207 13.686622 14.186424 11.549803 13.479016 14.205123 16.83291 19.605825 19.369429 0.0 0.0 0.0 0.0 0.0 0.0 0.0 0.0 0.0 0.0 0.0 0.0 0.0 0.0 0.0 0.0 0.0 0.0 0.0 0.0 0.0 
0.0 0.0 0.0 0.0 0.0 0.0 0.0 0.0 0.0 12.579559 13.614159 14.287041 11.506035 8.37337 10.556195 11.67012 8.433894 8.120239 11.816819 11.673835 9.51173 12.122462 14.719478 14.064923 17.333575 18.238442 19.081941 17.139876 13.94531 12.330682 10.643689 8.771571 12.344359 13.594232 11.193771 12.026235 15.629094 15.319343 14.678977 17.565864 15.914744 16.54017 16.083946 0.0 0.0 0.0 0.0 0.0 0.0 0.0 12.485553 10.899602 9.945788 8.818206 6.421648 5.221105 5.434623 3.804229 0.0 3.804482 5.269075 5.048175 10.590971 12.463779 9.62511 10.378764 7.194077 10.076609 10.994729 8.502232 10.4057 11.701307 14.769982 17.212391 16.47699 0.0 0.0 0.0 0.0 0.0 0.0 0.0 0.0 0.0 0.0 0.0 0.0 0.0 0.0 0.0 0.0 0.0 0.0 0.0 0.0 0.0 
0.0 0.0 0.0 0.0 0.0 0.0 0.0 0.0 0.0 13.883681 15.191963 16.627147 13.980654 10.850387 13.406921 14.959538 11.979259 11.668457 15.449717 15.475672 13.2265 15.673938 18.408737 17.541802 20.624245 21.125375 21.647173 19.911195 16.605034 15.159367 13.051945 11.107288 14.593692 16.444725 14.490584 14.903936 18.585761 18.733041 18.054792 20.655611 18.550479 18.90535 17.797976 0.0 0.0 0.0 0.0 0.0 0.0 0.0 14.273163 12.604466 10.563514 9.912807 8.753274 6.212791 5.056091 5.549499 3.804482 0.0 3.80971 5.550411 11.903274 14.573916 12.377541 13.102048 9.611145 11.785894 13.467675 10.931783 11.829443 12.501226 15.890822 17.747552 17.305514 0.0 0.0 0.0 0.0 0.0 0.0 0.0 0.0 0.0 0.0 0.0 0.0 0.0 0.0 0.0 0.0 0.0 0.0 0.0 0.0 0.0 
0.0 0.0 0.0 0.0 0.0 0.0 0.0 0.0 0.0 12.026649 12.67976 14.682259 12.745066 9.307697 11.579533 13.953567 11.746077 10.992139 14.77786 15.697694 13.898037 15.760922 18.866473 18.734668 21.849131 22.466577 23.558093 22.015738 18.98022 17.584981 15.800522 13.582468 16.915762 18.566787 16.007808 16.196859 19.960928 19.771494 18.42037 21.169223 19.14799 20.210719 19.056557 0.0 0.0 0.0 0.0 0.0 0.0 0.0 15.311014 14.515166 12.45503 10.665421 9.946243 8.603616 6.130783 5.167849 5.269075 3.80971 0.0 3.819805 10.594499 13.598208 11.990758 13.784695 10.940952 13.788777 15.584659 13.501277 15.080311 16.070369 19.348499 21.422934 20.860072 0.0 0.0 0.0 0.0 0.0 0.0 0.0 0.0 0.0 0.0 0.0 0.0 0.0 0.0 0.0 0.0 0.0 0.0 0.0 0.0 0.0 
0.0 0.0 0.0 0.0 0.0 0.0 0.0 0.0 0.0 13.515915 13.366943 14.778759 13.123306 9.353977 10.478338 12.985721 10.735569 8.851552 12.516524 13.757339 11.549058 12.781923 16.189424 16.184062 19.004838 19.388002 20.796633 19.640273 17.012653 16.193047 15.220339 13.706609 17.251557 18.141912 15.326083 16.321443 19.876642 19.002222 17.873228 21.075921 19.688707 20.921004 20.445797 0.0 0.0 0.0 0.0 0.0 0.0 0.0 16.686168 15.680947 14.439596 12.618003 10.805529 9.993309 8.694372 6.36778 5.048175 5.550411 3.819805 0.0 6.872491 9.798496 8.389103 10.442591 8.118301 11.249851 13.233298 11.953674 14.202545 16.06064 19.381644 21.497686 20.297549 0.0 0.0 0.0 0.0 0.0 0.0 0.0 0.0 0.0 0.0 0.0 0.0 0.0 0.0 0.0 0.0 0.0 0.0 0.0 0.0 0.0 
0.0 0.0 0.0 0.0 0.0 0.0 0.0 0.0 0.0 18.368619 17.038538 17.766348 17.000705 13.414952 12.501411 15.047396 13.45858 10.00823 12.31022 14.316573 11.797343 10.939869 14.723259 15.160451 16.877898 16.471894 18.612406 18.617306 17.18591 17.673408 18.17281 17.828005 21.322608 21.070918 18.103395 20.115 23.109016 21.198316 20.383743 24.052904 23.657175 25.161809 25.518978 0.0 0.0 0.0 0.0 0.0 0.0 0.0 21.896961 20.815368 20.410805 18.575989 16.019786 15.790007 15.294573 12.415655 10.590971 11.903274 10.594499 6.872491 0.0 3.797633 5.283149 7.933441 8.160606 10.710878 13.011498 13.717251 16.613808 19.559419 22.749543 24.668849 22.515484 0.0 0.0 0.0 0.0 0.0 0.0 0.0 0.0 0.0 0.0 0.0 0.0 0.0 0.0 0.0 0.0 0.0 0.0 0.0 0.0 0.0 
