0.0 0.0 0.0 0.0 0.0 0.0 0.0 0.0 0.0 0.0 0.0 0.0 0.0 0.0 0.0 0.0 0.0 0.0 0.0 0.0 0.0 0.0 0.0 0.0 0.0 0.0 0.0 0.0 0.0 0.0 0.0 0.0 0.0 0.0 0.0 0.0 0.0 0.0 0.0 0.0 0.0 0.0 0.0 0.0 0.0 0.0 0.0 0.0 0.0 0.0 0.0 0.0 0.0 0.0 0.0 0.0 0.0 0.0 0.0 0.0 0.0 0.0 0.0 0.0 0.0 0.0 0.0 0.0 0.0 0.0 0.0 0.0 0.0 0.0 0.0 0.0 0.0 0.0 0.0 0.0 0.0 0.0 0.0 0.0 0.0 0.0 0.0 0.0 0.0 0.0 0.0 0.0 0.0 0.0 0.0 0.0 0.0 0.0 0.0 0.0 0.0 0.0 0.0 0.0 0.0 0.0 0.0 0.0 0.0 0.0 0.0 0.0 0.0 0.0 0.0 0.0 0.0 0.0 0.0 0.0 0.0 0.0 0.0 0.0 0.0 0.0 0.0 0.0 0.0 0.0 0.0 0.0 0.0 0.0 0.0 0.0 0.0 0.0 0.0 0.0 0.0 0.0 0.0 0.0 0.0 0.0 0.0 0.0 0.0 0.0 0.0 0.0 0.0 0.0 0.0 0.0 0.0 0.0 0.0 0.0 0.0 0.0 0.0 0.0 0.0 0.0 0.0 0.0 0.0 0.0 0.0 0.0 0.0 0.0 0.0 0.0 0.0 0.0 0.0 0.0 0.0 0.0 0.0 0.0 0.0 0.0 0.0 0.0 0.0 0.0 0.0 0.0 0.0 0.0 0.0 0.0 0.0 0.0 0.0 0.0 0.0 0.0 0.0 0.0 0.0 0.0 0.0 0.0 0.0 0.0 0.0 0.0 0.0 0.0 0.0 0.0 0.0 0.0 0.0 0.0 0.0 0.0 0.0 0.0 0.0 0.0 0.0 0.0 0.0 0.0 0.0 0.0 0.0 0.0 0.0 0.0 0.0 0.0 0.0 0.0 0.0 0.0 0.0 0.0 0.0 
0.0 0.0 3.791852 7.040892 10.095972 13.445179 16.944213 17.107938 14.69974 16.366865 15.910429 17.732095 17.719287 18.448637 22.035822 24.495265 27.566582 30.392764 31.787619 34.106937 32.275504 31.274826 27.863522 27.637135 24.246481 23.921239 21.364709 20.473345 19.563782 18.359004 19.885021 20.04463 23.73166 24.385552 27.091229 26.738414 29.751186 28.984118 26.602924 27.067326 24.798213 24.936505 23.627473 23.306917 22.997539 22.910147 26.434161 28.736429 27.682567 28.879196 28.662484 32.308025 32.418449 30.514961 31.83607 33.986274 33.008474 29.998225 30.320966 27.892322 30.372123 33.612504 34.162498 35.202409 32.762481 34.312076 33.212821 33.819392 33.565639 34.384367 31.109085 29.15148 28.970624 29.260244 30.1321 31.623733 32.634853 31.795219 34.531662 36.749005 40.53757 40.664914 38.215452 35.270138 31.628151 30.542105 27.784775 26.289905 27.449436 24.942743 24.844687 26.442247 25.375496 25.174033 25.833454 27.152921 27.222804 29.553371 28.349493 30.796378 29.992836 32.967777 35.171377 34.276562 30.504002 29.219836 27.015956 23.383804 20.276219 20.821981 18.528705 19.860934 18.434758 19.594456 21.750235 21.180701 22.679773 21.156969 23.253352 23.400735 26.264531 27.107056 30.888492 33.550578 33.141375 30.209337 27.6082 24.195819 21.081363 17.692314 16.049259 12.86859 12.920146 11.545124 13.29034 16.640167 17.384839 21.136525 22.035988 25.6159 27.808437 25.407252 0.0 0.0 0.0 0.0 0.0 0.0 0.0 0.0 0.0 0.0 0.0 0.0 0.0 0.0 0.0 0.0 0.0 0.0 0.0 0.0 0.0 0.0 0.0 0.0 0.0 0.0 0.0 0.0 0.0 0.0 0.0 0.0 0.0 0.0 0.0 0.0 0.0 0.0 0.0 0.0 0.0 0.0 0.0 0.0 0.0 0.0 0.0 0.0 0.0 0.0 0.0 0.0 0.0 0.0 0.0 0.0 0.0 0.0 0.0 0.0 0.0 0.0 0.0 0.0 0.0 0.0 0.0 0.0 0.0 0.0 0.0 0.0 0.0 0.0 0.0 0.0 0.0 0.0 0.0 0.0 0.0 0.0 0.0 0.0 0.0 0.0 0.0 0.0 0.0 0.0 0.0 0.0 0.0 0.0 0.0 0.0 0.0 0.0 0.0 0.0 0.0 0.0 0.0 
0.0 3.791852 0.0 3.749296 6.408879 9.781673 13.190749 13.491129 11.37307 13.556919 13.671728 16.045803 16.478613 17.969575 21.735692 24.628716 27.740663 30.84339 32.255133 34.220848 32.104377 30.686421 27.134558 26.414315 22.838511 22.040609 19.155979 17.891837 16.495118 14.999531 16.238496 16.421387 20.124084 20.637551 23.37129 23.111293 26.190237 25.633844 23.4794 24.257323 22.322916 22.949241 22.013631 22.282738 22.445777 22.974423 26.676521 29.019872 27.582594 28.313469 27.618439 31.176428 30.867102 28.611854 29.701333 31.563584 30.382433 27.19384 27.517734 24.85461 27.156264 30.533503 31.087389 32.322096 30.029435 31.703522 30.929406 31.809339 31.917821 32.891735 29.525462 27.496729 26.890628 26.826584 27.349036 28.580708 29.341888 28.377665 30.983785 33.168249 36.955033 36.980261 34.560488 31.559293 27.95106 26.93778 24.199633 22.906876 24.271748 21.92784 22.215833 23.759913 22.845885 22.37846 23.390985 25.107748 25.566139 28.247497 27.489167 30.282799 29.941118 33.120003 35.570958 35.003439 31.23632 30.394901 28.317521 24.691841 21.275032 21.279079 18.475746 19.079406 17.12952 17.894839 20.339988 19.52073 20.472812 18.528882 20.284463 20.082618 22.808924 23.465706 27.265695 30.042683 29.729525 26.943169 24.21406 20.803147 17.544221 14.307069 12.797117 9.902895 10.546494 9.843648 12.455935 15.891941 17.435268 21.216961 22.692118 26.346663 28.839676 26.659039 0.0 0.0 0.0 0.0 0.0 0.0 0.0 0.0 0.0 0.0 0.0 0.0 0.0 0.0 0.0 0.0 0.0 0.0 0.0 0.0 0.0 0.0 0.0 0.0 0.0 0.0 0.0 0.0 0.0 0.0 0.0 0.0 0.0 0.0 0.0 0.0 0.0 0.0 0.0 0.0 0.0 0.0 0.0 0.0 0.0 0.0 0.0 0.0 0.0 0.0 0.0 0.0 0.0 0.0 0.0 0.0 0.0 0.0 0.0 0.0 0.0 0.0 0.0 0.0 0.0 0.0 0.0 0.0 0.0 0.0 0.0 0.0 0.0 0.0 0.0 0.0 0.0 0.0 0.0 0.0 0.0 0.0 0.0 0.0 0.0 0.0 0.0 0.0 0.0 0.0 0.0 0.0 0.0 0.0 0.0 0.0 0.0 0.0 0.0 0.0 0.0 0.0 0.0 
0.0 7.040892 3.749296 0.0 3.772982 6.552362 10.244814 10.75367 9.209682 11.779293 12.893845 15.336864 16.615933 18.607033 22.337823 25.470506 28.354867 31.540521 32.672761 34.325934 32.182072 30.419355 26.91126 25.898196 22.166786 21.229177 17.956874 16.77639 14.866944 13.486541 14.121702 14.860845 18.449783 18.357074 20.826479 20.253142 23.123254 22.515297 20.411042 21.125361 19.431559 20.35424 19.935609 20.64296 21.413915 22.332319 26.07698 28.564515 27.036871 27.294335 26.318812 29.844152 29.297952 26.812224 27.975482 29.515729 28.44104 25.231743 25.923218 23.150301 25.056776 28.563837 28.791388 29.958435 27.580013 29.064102 28.445201 29.305297 29.730158 30.568969 27.062092 25.249885 24.296752 24.193936 24.455027 25.709107 26.361893 25.627629 28.203113 30.612372 34.344838 34.241191 31.627739 28.733488 25.155419 24.494303 22.075457 20.986083 22.860169 21.007788 21.654293 22.752959 21.632895 20.58005 21.618925 23.736832 24.258623 27.22822 26.709195 29.685299 29.757055 32.923839 35.675843 35.21415 31.500851 31.048332 29.328864 25.672226 22.095123 21.445587 18.239247 18.234497 15.662851 15.703999 18.012227 16.725904 17.389451 15.413841 16.888018 16.786682 19.409039 20.179541 23.933871 26.577482 26.12341 23.268995 20.588096 17.190908 14.065872 10.676123 9.38949 6.92155 8.702035 9.407335 12.740796 15.735795 17.931592 21.637657 23.642485 27.180046 30.015418 28.23423 0.0 0.0 0.0 0.0 0.0 0.0 0.0 0.0 0.0 0.0 0.0 0.0 0.0 0.0 0.0 0.0 0.0 0.0 0.0 0.0 0.0 0.0 0.0 0.0 0.0 0.0 0.0 0.0 0.0 0.0 0.0 0.0 0.0 0.0 0.0 0.0 0.0 0.0 0.0 0.0 0.0 0.0 0.0 0.0 0.0 0.0 0.0 0.0 0.0 0.0 0.0 0.0 0.0 0.0 0.0 0.0 0.0 0.0 0.0 0.0 0.0 0.0 0.0 0.0 0.0 0.0 0.0 0.0 0.0 0.0 0.0 0.0 0.0 0.0 0.0 0.0 0.0 0.0 0.0 0.0 0.0 0.0 0.0 0.0 0.0 0.0 0.0 0.0 0.0 0.0 0.0 0.0 0.0 0.0 0.0 0.0 0.0 0.0 0.0 0.0 0.0 0.0 0.0 
0.0 10.095972 6.408879 3.772982 0.0 3.811239 7.120533 8.55091 8.15763 11.565807 13.302552 16.319128 17.744651 20.29377 24.047906 27.423163 30.381534 33.747774 35.001172 36.38718 33.983282 31.923644 28.325345 26.839837 23.074803 21.551546 18.103106 16.300893 13.711497 11.602824 11.470091 11.818386 15.446053 15.169897 17.898933 17.746974 20.793827 20.73815 19.183717 20.470375 19.412939 21.009229 21.064238 22.373827 23.499058 24.884881 28.665162 31.096124 29.264605 29.161398 27.746977 31.079217 30.078573 27.23912 28.004798 29.152668 27.725226 24.279551 24.802019 21.678633 23.313339 26.990729 27.348327 28.889958 26.842516 28.53981 28.417768 29.64869 30.50379 31.524722 27.996422 26.139732 24.681022 24.064883 23.763065 24.513216 24.653235 23.612404 25.835575 28.069455 31.792247 31.430717 28.959649 25.872352 22.427209 21.896997 19.418997 18.851153 20.907065 19.203406 20.463337 21.678908 21.013281 19.745762 21.377522 23.917712 24.970301 28.215303 28.187083 31.420889 31.84767 35.163749 38.010532 37.832843 34.164015 33.96709 32.239961 28.669794 24.995886 24.149493 20.752457 20.186126 17.336706 16.984503 19.48922 17.933819 17.829829 15.326653 16.027696 15.190064 17.337622 17.51446 21.29191 24.22044 23.838468 21.342179 18.313792 15.089984 11.676325 8.758768 8.361943 7.249091 9.831812 11.110487 14.709369 17.671931 20.29195 23.877102 26.133782 29.699052 32.596495 30.847549 0.0 0.0 0.0 0.0 0.0 0.0 0.0 0.0 0.0 0.0 0.0 0.0 0.0 0.0 0.0 0.0 0.0 0.0 0.0 0.0 0.0 0.0 0.0 0.0 0.0 0.0 0.0 0.0 0.0 0.0 0.0 0.0 0.0 0.0 0.0 0.0 0.0 0.0 0.0 0.0 0.0 0.0 0.0 0.0 0.0 0.0 0.0 0.0 0.0 0.0 0.0 0.0 0.0 0.0 0.0 0.0 0.0 0.0 0.0 0.0 0.0 0.0 0.0 0.0 0.0 0.0 0.0 0.0 0.0 0.0 0.0 0.0 0.0 0.0 0.0 0.0 0.0 0.0 0.0 0.0 0.0 0.0 0.0 0.0 0.0 0.0 0.0 0.0 0.0 0.0 0.0 0.0 0.0 0.0 0.0 0.0 0.0 0.0 0.0 0.0 0.0 0.0 0.0 
0.0 13.445179 9.781673 6.552362 3.811239 0.0 3.806635 5.436611 6.384806 9.942283 12.615701 15.576054 17.647057 20.608274 24.18502 27.72821 30.457085 33.892209 34.960002 35.973971 33.484302 31.088834 27.574457 25.744191 21.965886 20.220079 16.554472 14.794741 11.736167 9.887011 8.95467 10.184431 13.375916 12.424549 14.721358 14.217008 17.101174 17.051102 15.66751 17.124798 16.502244 18.567199 19.147698 21.006842 22.641559 24.501741 28.230752 30.650455 28.618166 28.026005 26.243125 29.391849 28.058549 24.979796 25.646746 26.420394 25.009789 21.562176 22.375757 19.189087 20.38876 24.138065 24.226464 25.759771 23.753663 25.375478 25.527012 26.897543 28.107987 29.160165 25.624698 23.85785 21.992161 21.120003 20.458923 21.057348 21.031596 20.119534 22.31329 24.725185 28.394447 28.000289 25.378241 22.411011 18.957937 18.698085 16.582979 16.197236 18.735614 17.643341 19.224 19.923955 19.135604 17.323577 19.072169 21.985603 23.231064 26.705796 27.045455 30.446788 31.316656 34.638832 37.70007 37.749802 34.196876 34.422071 32.976268 29.498371 25.743954 24.370851 20.738619 19.506163 16.275192 15.29891 17.777122 16.003333 15.228715 12.435446 12.602777 11.50363 13.528593 13.795756 17.573793 20.446364 20.17004 17.697575 14.721448 11.396477 7.913749 5.221259 5.222447 5.781318 9.095047 11.449625 15.214071 17.608319 20.726056 24.061339 26.752428 30.155184 33.293701 31.914774 0.0 0.0 0.0 0.0 0.0 0.0 0.0 0.0 0.0 0.0 0.0 0.0 0.0 0.0 0.0 0.0 0.0 0.0 0.0 0.0 0.0 0.0 0.0 0.0 0.0 0.0 0.0 0.0 0.0 0.0 0.0 0.0 0.0 0.0 0.0 0.0 0.0 0.0 0.0 0.0 0.0 0.0 0.0 0.0 0.0 0.0 0.0 0.0 0.0 0.0 0.0 0.0 0.0 0.0 0.0 0.0 0.0 0.0 0.0 0.0 0.0 0.0 0.0 0.0 0.0 0.0 0.0 0.0 0.0 0.0 0.0 0.0 0.0 0.0 0.0 0.0 0.0 0.0 0.0 0.0 0.0 0.0 0.0 0.0 0.0 0.0 0.0 0.0 0.0 0.0 0.0 0.0 0.0 0.0 0.0 0.0 0.0 0.0 0.0 0.0 0.0 0.0 0.0 
0.0 16.944213 13.190749 10.244814 7.120533 3.806635 0.0 3.832429 6.819261 10.276173 13.34856 16.477212 18.664495 22.013999 25.42771 29.112563 31.790926 35.339079 36.470785 37.151227 34.4402 31.758159 28.262712 25.98668 22.323193 20.071433 16.42464 14.231576 10.657026 8.443509 6.20031 7.588697 10.258134 8.772482 11.0769 10.92811 13.995477 14.566212 13.907533 16.062634 16.21381 18.906057 19.898215 22.297236 24.193568 26.491817 30.158931 32.44394 30.110898 29.143635 26.932283 29.768407 27.972132 24.604954 24.810947 25.125173 23.381863 19.797961 20.478574 17.044445 17.815242 21.658504 21.831657 23.720269 22.133057 23.979321 24.679778 26.463439 28.085193 29.377787 25.968477 24.130686 21.80821 20.343624 19.087438 19.052654 18.474665 17.215931 19.051492 21.297402 24.944534 24.393262 21.901656 18.793329 15.426715 15.286244 13.25834 13.453598 16.273812 15.64486 17.821414 18.380299 18.011376 15.938493 18.234577 21.493732 23.25152 26.90093 27.763316 31.348566 32.59881 36.013272 39.141672 39.515435 36.072249 36.608236 35.213996 31.888712 28.100053 26.515775 22.810039 21.055113 17.76859 16.535693 19.127992 17.385344 15.790528 12.557006 11.808248 9.66592 11.032536 10.616044 14.415195 17.602338 17.683753 15.713802 12.54793 9.459287 5.718783 5.078778 6.032204 8.087806 11.048664 13.568577 17.188247 19.302132 22.702009 25.771793 28.691968 32.016235 35.208721 33.969692 0.0 0.0 0.0 0.0 0.0 0.0 0.0 0.0 0.0 0.0 0.0 0.0 0.0 0.0 0.0 0.0 0.0 0.0 0.0 0.0 0.0 0.0 0.0 0.0 0.0 0.0 0.0 0.0 0.0 0.0 0.0 0.0 0.0 0.0 0.0 0.0 0.0 0.0 0.0 0.0 0.0 0.0 0.0 0.0 0.0 0.0 0.0 0.0 0.0 0.0 0.0 0.0 0.0 0.0 0.0 0.0 0.0 0.0 0.0 0.0 0.0 0.0 0.0 0.0 0.0 0.0 0.0 0.0 0.0 0.0 0.0 0.0 0.0 0.0 0.0 0.0 0.0 0.0 0.0 0.0 0.0 0.0 0.0 0.0 0.0 0.0 0.0 0.0 0.0 0.0 0.0 0.0 0.0 0.0 0.0 0.0 0.0 0.0 0.0 0.0 0.0 0.0 0.0 
0.0 17.107938 13.491129 10.75367 8.55091 5.436611 3.832429 0.0 3.811092 6.707327 10.00872 13.001596 15.382897 18.87174 22.108218 25.829651 28.393976 31.967247 33.098894 33.618635 30.827979 28.060222 24.583868 22.209753 18.579335 16.281875 12.625123 10.553598 7.032965 5.687221 4.502903 7.402339 9.641827 8.767653 10.400547 9.631164 12.796902 12.714071 11.496783 13.72154 13.518416 16.129277 16.815846 19.317208 21.116354 23.663584 27.289063 29.41312 26.863472 25.811267 23.458272 26.203564 24.347699 20.989459 21.128241 21.643941 19.911022 16.347161 17.078869 13.828698 14.958355 18.706031 18.914924 20.65316 18.962354 21.00299 21.546424 23.476755 24.934063 26.516419 23.271637 21.082413 18.900921 17.292536 16.368518 16.459353 16.397503 15.123237 17.528067 19.859795 23.597144 23.630074 21.114662 18.255811 14.558273 13.784454 11.690201 10.906854 13.641132 13.083743 14.822087 15.027093 14.32509 12.263425 14.473544 17.677253 19.49757 23.147582 24.135999 27.776147 29.148094 32.619362 35.740942 36.307781 32.940727 33.686634 32.348707 29.178385 25.395131 23.646275 19.942606 17.883372 14.728465 13.744109 16.721803 15.606473 13.848009 10.268649 10.150412 7.969086 10.339093 10.826127 14.587563 17.557935 18.237169 16.086398 13.53849 10.060241 6.618944 6.22297 4.857558 6.516446 8.516053 11.103996 14.47188 16.208672 19.778569 22.606063 25.695594 28.90579 32.154306 31.119846 0.0 0.0 0.0 0.0 0.0 0.0 0.0 0.0 0.0 0.0 0.0 0.0 0.0 0.0 0.0 0.0 0.0 0.0 0.0 0.0 0.0 0.0 0.0 0.0 0.0 0.0 0.0 0.0 0.0 0.0 0.0 0.0 0.0 0.0 0.0 0.0 0.0 0.0 0.0 0.0 0.0 0.0 0.0 0.0 0.0 0.0 0.0 0.0 0.0 0.0 0.0 0.0 0.0 0.0 0.0 0.0 0.0 0.0 0.0 0.0 0.0 0.0 0.0 0.0 0.0 0.0 0.0 0.0 0.0 0.0 0.0 0.0 0.0 0.0 0.0 0.0 0.0 0.0 0.0 0.0 0.0 0.0 0.0 0.0 0.0 0.0 0.0 0.0 0.0 0.0 0.0 0.0 0.0 0.0 0.0 0.0 0.0 0.0 0.0 0.0 0.0 0.0 0.0 
0.0 14.69974 11.37307 9.209682 8.15763 6.384806 6.819261 3.811092 0.0 3.793963 6.56939 9.730382 11.882015 15.239962 18.611765 22.300389 24.991305 28.561735 29.817614 30.568107 27.806564 25.269664 21.681702 19.611594 15.889592 13.898932 10.301678 8.463861 5.826674 5.307158 6.656783 9.071916 11.625332 11.774297 13.430201 12.580269 15.65662 14.96752 13.012333 14.710338 13.542887 15.404698 15.230359 17.216804 18.477001 20.819558 24.52527 26.583628 24.040841 23.384321 21.308826 24.261374 22.77667 19.723285 20.080976 21.256524 19.680948 16.259778 16.822104 13.965145 15.902334 19.366186 19.779299 21.226747 19.281127 21.392283 21.368991 23.124669 24.020704 25.721897 22.56344 20.045601 18.483597 17.240026 17.134974 17.71376 18.350414 17.164678 19.983213 22.235614 26.001039 26.455705 24.022968 21.31542 17.517499 16.194063 13.826538 12.089944 14.076554 12.833406 13.646837 14.071374 12.987207 11.622915 13.333278 15.991769 17.498531 20.937982 21.565318 25.116348 26.162046 29.694885 32.672997 33.158907 29.709499 30.276826 28.771546 25.59387 21.807543 20.282943 16.665008 14.912952 12.094376 11.961879 15.335236 14.885212 13.809246 10.437106 11.61895 10.290537 13.342971 14.370344 18.044071 20.795606 21.552398 19.122433 16.870651 13.210202 9.972951 8.571171 5.685455 4.836818 5.352387 7.383129 10.702457 12.682411 16.135704 19.084938 22.042347 25.346502 28.520686 27.374217 0.0 0.0 0.0 0.0 0.0 0.0 0.0 0.0 0.0 0.0 0.0 0.0 0.0 0.0 0.0 0.0 0.0 0.0 0.0 0.0 0.0 0.0 0.0 0.0 0.0 0.0 0.0 0.0 0.0 0.0 0.0 0.0 0.0 0.0 0.0 0.0 0.0 0.0 0.0 0.0 0.0 0.0 0.0 0.0 0.0 0.0 0.0 0.0 0.0 0.0 0.0 0.0 0.0 0.0 0.0 0.0 0.0 0.0 0.0 0.0 0.0 0.0 0.0 0.0 0.0 0.0 0.0 0.0 0.0 0.0 0.0 0.0 0.0 0.0 0.0 0.0 0.0 0.0 0.0 0.0 0.0 0.0 0.0 0.0 0.0 0.0 0.0 0.0 0.0 0.0 0.0 0.0 0.0 0.0 0.0 0.0 0.0 0.0 0.0 0.0 0.0 0.0 0.0 
0.0 16.366865 13.556919 11.779293 11.565807 9.942283 10.276173 6.707327 3.793963 0.0 3.806521 6.3015 9.012783 12.479935 15.526591 19.234043 21.700359 25.273663 26.453325 27.003652 24.191047 21.549698 18.002646 15.87784 12.146425 10.301925 6.641391 5.653754 4.463601 6.42147 8.7286 11.551249 13.34591 13.757531 14.64442 13.266647 15.938823 14.555302 12.055152 13.402222 11.681812 13.09086 12.358193 14.33482 15.413575 18.050855 21.646797 23.501088 20.72402 19.963933 17.763436 20.633836 19.170935 16.2356 16.656964 18.196891 16.83387 13.683931 14.421048 12.182325 14.474215 17.530906 17.857752 18.907554 16.773223 18.93996 18.578003 20.361977 20.956762 22.934357 20.033714 17.151644 15.934399 14.719113 15.224427 16.10345 17.411404 16.451441 19.704937 22.001106 25.670876 26.653868 24.218767 21.911031 18.069562 16.376723 14.303175 11.692645 13.287523 12.273914 12.192286 11.954955 10.103608 8.936119 10.013795 12.365537 13.752085 17.154729 17.853511 21.454264 22.647486 26.221151 29.217386 29.9053 26.563067 27.410814 26.046787 23.081255 19.349333 17.549293 13.978522 11.786656 9.270074 9.671092 13.374996 13.815016 12.75209 9.531197 11.493571 10.661161 14.14044 15.823612 19.187684 21.548749 22.678919 20.160047 18.513454 14.856815 12.207036 11.142012 7.667427 6.424191 4.676696 6.317957 8.734855 9.826533 13.51445 16.058237 19.273325 22.369459 25.646708 24.834498 0.0 0.0 0.0 0.0 0.0 0.0 0.0 0.0 0.0 0.0 0.0 0.0 0.0 0.0 0.0 0.0 0.0 0.0 0.0 0.0 0.0 0.0 0.0 0.0 0.0 0.0 0.0 0.0 0.0 0.0 0.0 0.0 0.0 0.0 0.0 0.0 0.0 0.0 0.0 0.0 0.0 0.0 0.0 0.0 0.0 0.0 0.0 0.0 0.0 0.0 0.0 0.0 0.0 0.0 0.0 0.0 0.0 0.0 0.0 0.0 0.0 0.0 0.0 0.0 0.0 0.0 0.0 0.0 0.0 0.0 0.0 0.0 0.0 0.0 0.0 0.0 0.0 0.0 0.0 0.0 0.0 0.0 0.0 0.0 0.0 0.0 0.0 0.0 0.0 0.0 0.0 0.0 0.0 0.0 0.0 0.0 0.0 0.0 0.0 0.0 0.0 0.0 0.0 
0.0 15.910429 13.671728 12.893845 13.302552 12.615701 13.34856 10.00872 6.56939 3.806521 0.0 3.793999 5.375533 8.9423 12.146933 15.885631 18.644323 22.293582 23.837774 24.608031 21.675676 19.325924 15.59651 13.751293 10.113459 8.482525 5.659753 4.933634 6.028301 7.987138 11.253155 13.363139 15.181235 16.378808 17.46855 16.450216 19.190196 17.78933 15.248342 16.415411 14.283594 14.967251 13.291589 14.520703 14.647266 17.005165 20.559571 22.141231 19.250786 19.033045 17.132631 19.998825 18.886347 16.414219 16.728799 18.901532 17.500908 14.628649 14.762835 13.050094 16.026762 18.616742 19.396877 20.36087 18.368794 20.723155 20.012602 21.754683 21.777271 23.998174 21.41777 18.197394 17.663522 16.637574 17.709485 18.63543 20.220166 19.071801 22.358664 24.322497 27.95787 29.244446 27.075064 24.787758 20.986323 18.816375 16.444431 13.406645 13.991545 12.271417 11.14257 11.38276 9.580829 9.850994 10.499802 11.784573 12.99535 15.909376 16.327567 19.788466 20.577851 24.293628 26.990164 27.748486 24.361526 25.01873 23.31661 20.486661 16.818172 15.493392 12.286441 10.586825 9.233874 11.010175 14.810862 15.984647 15.479332 12.675699 15.046934 14.368684 17.835876 19.434484 22.751216 25.133782 26.414891 23.930085 22.313605 18.6594 15.924172 14.651685 11.126052 8.976665 5.953369 5.042702 6.014711 7.36957 10.726388 13.22647 16.202522 19.433564 22.507523 21.485846 0.0 0.0 0.0 0.0 0.0 0.0 0.0 0.0 0.0 0.0 0.0 0.0 0.0 0.0 0.0 0.0 0.0 0.0 0.0 0.0 0.0 0.0 0.0 0.0 0.0 0.0 0.0 0.0 0.0 0.0 0.0 0.0 0.0 0.0 0.0 0.0 0.0 0.0 0.0 0.0 0.0 0.0 0.0 0.0 0.0 0.0 0.0 0.0 0.0 0.0 0.0 0.0 0.0 0.0 0.0 0.0 0.0 0.0 0.0 0.0 0.0 0.0 0.0 0.0 0.0 0.0 0.0 0.0 0.0 0.0 0.0 0.0 0.0 0.0 0.0 0.0 0.0 0.0 0.0 0.0 0.0 0.0 0.0 0.0 0.0 0.0 0.0 0.0 0.0 0.0 0.0 0.0 0.0 0.0 0.0 0.0 0.0 0.0 0.0 0.0 0.0 0.0 0.0 
0.0 17.732095 16.045803 15.336864 16.319128 15.576054 16.477212 13.001596 9.730382 6.3015 3.793999 0.0 3.848867 6.778288 9.383911 13.036261 15.399128 18.979864 20.282644 20.947559 18.113444 15.76024 12.099561 10.589477 6.870783 6.477248 4.52078 6.361955 8.667789 11.420783 14.51398 16.938946 18.438336 19.45554 20.02938 18.514336 20.749043 18.746648 15.778276 16.243058 13.54996 13.361103 10.924503 11.640652 11.296968 13.782914 17.166394 18.562481 15.54214 15.374118 13.614075 16.538515 15.801056 13.800086 14.566918 17.260394 16.471224 14.273789 14.812309 14.014255 16.938927 18.980702 19.425953 19.733939 17.423304 19.470422 18.170576 19.593461 19.086586 21.375895 19.097312 15.694076 15.832055 15.271393 17.102406 18.537347 20.752128 20.084859 23.641312 25.747194 29.196344 30.823943 28.551503 26.669646 22.92073 20.772861 18.846435 15.489206 15.914902 14.626921 12.815016 12.262042 9.564808 10.068921 9.308971 9.593724 9.947811 12.539131 12.616968 16.020033 16.816622 20.523815 23.279856 24.103202 20.793969 21.711394 20.26223 17.626099 14.068715 12.352349 9.29832 7.252407 6.847593 9.476125 13.103455 15.117204 14.969249 12.833325 15.758182 15.779672 19.419555 21.548074 24.612259 26.561875 27.909163 25.25002 24.124647 20.508081 18.239511 16.942231 13.202258 10.975655 7.383445 6.295586 5.384747 4.551075 8.083827 10.007762 13.344301 16.271381 19.543101 19.002349 0.0 0.0 0.0 0.0 0.0 0.0 0.0 0.0 0.0 0.0 0.0 0.0 0.0 0.0 0.0 0.0 0.0 0.0 0.0 0.0 0.0 0.0 0.0 0.0 0.0 0.0 0.0 0.0 0.0 0.0 0.0 0.0 0.0 0.0 0.0 0.0 0.0 0.0 0.0 0.0 0.0 0.0 0.0 0.0 0.0 0.0 0.0 0.0 0.0 0.0 0.0 0.0 0.0 0.0 0.0 0.0 0.0 0.0 0.0 0.0 0.0 0.0 0.0 0.0 0.0 0.0 0.0 0.0 0.0 0.0 0.0 0.0 0.0 0.0 0.0 0.0 0.0 0.0 0.0 0.0 0.0 0.0 0.0 0.0 0.0 0.0 0.0 0.0 0.0 0.0 0.0 0.0 0.0 0.0 0.0 0.0 0.0 0.0 0.0 0.0 0.0 0.0 0.0 
0.0 17.719287 16.478613 16.615933 17.744651 17.647057 18.664495 15.382897 11.882015 9.012783 5.375533 3.848867 0.0 3.810204 6.8923 10.630446 13.623577 17.318093 19.261411 20.250576 17.239559 15.381693 11.575224 10.487602 7.478376 7.179339 6.859258 7.748369 10.565549 12.736311 16.291212 18.044785 19.615107 21.267198 22.200633 21.193386 23.705646 22.007472 19.274851 19.981357 17.370374 17.074954 14.362947 14.513395 13.30109 15.188903 18.373008 19.411175 16.406487 16.925594 15.576164 18.257296 17.796269 16.239921 16.608102 19.57472 18.503132 16.408522 16.158664 15.536958 18.905546 20.681117 21.682873 22.206945 20.276173 22.581374 21.296094 22.796873 21.989338 24.434455 22.429821 18.923665 19.368417 18.747353 20.601346 21.767277 23.853543 22.805157 26.207401 27.929837 31.387673 33.125354 31.15667 29.122382 25.414425 22.898111 20.584064 17.151052 16.792748 14.830802 12.388172 12.627684 10.654292 12.317081 11.882534 11.40318 11.860946 13.670875 13.524155 16.557845 16.763877 20.568741 22.823125 23.731495 20.407958 20.959165 18.952084 16.528737 13.166339 12.420742 10.187185 9.270051 9.997214 13.069773 16.55472 18.681647 18.76282 16.612561 19.447925 19.177417 22.717475 24.520566 27.66548 29.840729 31.294615 28.758598 27.417848 23.778429 21.212719 19.824764 16.171367 13.592944 9.961008 7.481471 5.125933 5.13578 7.124671 8.877995 11.534465 14.715159 17.545299 16.521901 0.0 0.0 0.0 0.0 0.0 0.0 0.0 0.0 0.0 0.0 0.0 0.0 0.0 0.0 0.0 0.0 0.0 0.0 0.0 0.0 0.0 0.0 0.0 0.0 0.0 0.0 0.0 0.0 0.0 0.0 0.0 0.0 0.0 0.0 0.0 0.0 0.0 0.0 0.0 0.0 0.0 0.0 0.0 0.0 0.0 0.0 0.0 0.0 0.0 0.0 0.0 0.0 0.0 0.0 0.0 0.0 0.0 0.0 0.0 0.0 0.0 0.0 0.0 0.0 0.0 0.0 0.0 0.0 0.0 0.0 0.0 0.0 0.0 0.0 0.0 0.0 0.0 0.0 0.0 0.0 0.0 0.0 0.0 0.0 0.0 0.0 0.0 0.0 0.0 0.0 0.0 0.0 0.0 0.0 0.0 0.0 0.0 0.0 0.0 0.0 0.0 0.0 0.0 
0.0 18.448637 17.969575 18.607033 20.29377 20.608274 22.013999 18.87174 15.239962 12.479935 8.9423 6.778288 3.810204 0.0 3.836949 7.255127 10.516447 14.098652 16.249408 17.711355 14.9503 13.82819 10.249989 10.429254 8.327961 9.452366 10.054803 11.473391 14.36597 16.455187 20.015198 21.654087 23.342042 25.043161 26.002717 24.911784 27.30978 25.407334 22.481151 22.776109 19.829731 18.885998 15.675302 14.910861 12.76897 13.872675 16.719749 17.451512 14.70678 16.021516 15.450212 18.109394 18.386711 17.589596 18.300757 21.635819 20.975473 19.355715 19.144637 18.960122 22.333492 23.803358 24.733632 24.919427 22.867651 24.907215 23.177456 24.272325 22.894492 25.199528 23.474688 20.04271 21.143785 21.022946 23.314361 24.785888 27.141166 26.295392 29.771489 31.507204 34.888449 36.752159 34.769654 32.839753 29.142223 26.628329 24.363185 20.881897 20.34286 18.31319 15.561293 15.813703 13.78447 15.653157 14.637673 13.371671 12.956062 13.800435 12.789494 15.15016 14.56427 18.256519 20.129705 20.85561 17.496037 17.714191 15.42773 13.177742 10.095238 10.078463 8.905259 9.193525 11.140791 14.710681 17.751734 20.264749 20.907766 19.2686 22.407111 22.524064 26.155462 28.125483 31.261939 33.3063 34.667456 31.976585 30.746245 27.069608 24.572384 22.899235 19.183023 16.262041 12.482311 9.539062 6.029656 5.180095 4.740773 5.885894 7.907784 11.206289 13.851409 12.712387 0.0 0.0 0.0 0.0 0.0 0.0 0.0 0.0 0.0 0.0 0.0 0.0 0.0 0.0 0.0 0.0 0.0 0.0 0.0 0.0 0.0 0.0 0.0 0.0 0.0 0.0 0.0 0.0 0.0 0.0 0.0 0.0 0.0 0.0 0.0 0.0 0.0 0.0 0.0 0.0 0.0 0.0 0.0 0.0 0.0 0.0 0.0 0.0 0.0 0.0 0.0 0.0 0.0 0.0 0.0 0.0 0.0 0.0 0.0 0.0 0.0 0.0 0.0 0.0 0.0 0.0 0.0 0.0 0.0 0.0 0.0 0.0 0.0 0.0 0.0 0.0 0.0 0.0 0.0 0.0 0.0 0.0 0.0 0.0 0.0 0.0 0.0 0.0 0.0 0.0 0.0 0.0 0.0 0.0 0.0 0.0 0.0 0.0 0.0 0.0 0.0 0.0 0.0 
0.0 22.035822 21.735692 22.337823 24.047906 24.18502 25.42771 22.108218 18.611765 15.526591 12.146933 9.383911 6.8923 3.836949 0.0 3.7743 6.885264 10.571386 12.96529 14.269721 11.383909 10.643197 7.379527 8.511966 7.848497 9.942077 11.729228 13.736403 17.054224 19.517806 23.071627 24.838164 26.18006 27.918255 28.542296 27.304138 29.421609 27.299378 24.340601 24.402976 21.398196 20.059939 16.578364 15.450213 12.777856 13.716582 15.844851 15.922648 13.036763 14.612627 14.342139 16.472631 17.13035 17.049981 17.721817 21.33152 20.998965 20.026884 19.782753 20.312181 23.63262 24.533286 25.423333 25.240455 23.29383 25.205014 23.21933 24.182438 22.370605 24.834183 23.660121 20.163048 21.745789 21.759772 24.393836 25.930082 28.564573 27.870909 31.393613 33.024688 36.20101 38.379785 36.493599 34.852166 31.265783 28.634916 26.61561 22.950714 22.108984 20.362896 17.210471 17.025761 14.858455 17.058223 15.470965 13.299367 12.366216 12.144657 10.86404 12.636173 11.782778 15.447998 16.976585 18.091686 15.037258 15.594981 13.420451 12.005269 9.72691 9.78269 9.800007 10.103944 12.922682 16.546084 19.216027 22.189307 22.849066 21.523924 24.724832 25.000572 28.60525 30.758343 33.675982 35.486411 37.038144 34.386805 33.457616 29.863324 27.607857 26.127144 22.360534 19.622288 15.796882 13.15694 9.629813 7.682533 6.237576 4.70236 6.244383 8.64361 11.140135 10.693721 0.0 0.0 0.0 0.0 0.0 0.0 0.0 0.0 0.0 0.0 0.0 0.0 0.0 0.0 0.0 0.0 0.0 0.0 0.0 0.0 0.0 0.0 0.0 0.0 0.0 0.0 0.0 0.0 0.0 0.0 0.0 0.0 0.0 0.0 0.0 0.0 0.0 0.0 0.0 0.0 0.0 0.0 0.0 0.0 0.0 0.0 0.0 0.0 0.0 0.0 0.0 0.0 0.0 0.0 0.0 0.0 0.0 0.0 0.0 0.0 0.0 0.0 0.0 0.0 0.0 0.0 0.0 0.0 0.0 0.0 0.0 0.0 0.0 0.0 0.0 0.0 0.0 0.0 0.0 0.0 0.0 0.0 0.0 0.0 0.0 0.0 0.0 0.0 0.0 0.0 0.0 0.0 0.0 0.0 0.0 0.0 0.0 0.0 0.0 0.0 0.0 0.0 0.0 
0.0 24.495265 24.628716 25.470506 27.423163 27.72821 29.112563 25.829651 22.300389 19.234043 15.885631 13.036261 10.630446 7.255127 3.7743 0.0 3.800238 7.187095 10.091394 11.845381 9.365418 9.889366 7.753784 10.150218 10.635013 13.171871 15.298197 17.444435 20.814149 23.277253 26.844098 28.562626 29.89393 31.680746 32.2617 30.97378 32.979602 30.731741 27.705246 27.524982 24.398551 22.681512 19.018738 17.352763 14.169373 14.373801 15.725015 15.207523 12.751103 14.985384 15.450955 17.178568 18.451641 19.083523 19.889868 23.632304 23.610834 23.060232 22.808595 23.675027 26.950544 27.552479 28.400586 27.959691 26.030504 27.728705 25.476902 26.138998 23.897184 26.240494 25.457813 22.113637 24.149338 24.462753 27.345302 29.020466 31.821835 31.258146 34.798898 36.388613 39.455003 41.775214 39.9247 38.407901 34.865256 32.208218 30.258076 26.55344 25.558026 23.831706 20.519079 20.298768 18.181927 20.479347 18.614008 16.018851 14.601274 13.443218 11.579591 12.212501 10.448231 13.676284 14.470755 15.597491 12.823968 13.171865 10.812103 10.334402 9.243384 10.073461 11.416245 12.392703 15.695316 19.356219 21.609775 24.803089 25.744309 24.752751 28.066564 28.544521 32.167672 34.424398 37.286317 38.977219 40.52453 37.81398 37.007349 33.421792 31.245444 29.671905 25.887047 23.048927 19.211792 16.4926 12.810537 10.749024 8.291076 5.497964 4.8583 5.933271 7.732865 7.733488 0.0 0.0 0.0 0.0 0.0 0.0 0.0 0.0 0.0 0.0 0.0 0.0 0.0 0.0 0.0 0.0 0.0 0.0 0.0 0.0 0.0 0.0 0.0 0.0 0.0 0.0 0.0 0.0 0.0 0.0 0.0 0.0 0.0 0.0 0.0 0.0 0.0 0.0 0.0 0.0 0.0 0.0 0.0 0.0 0.0 0.0 0.0 0.0 0.0 0.0 0.0 0.0 0.0 0.0 0.0 0.0 0.0 0.0 0.0 0.0 0.0 0.0 0.0 0.0 0.0 0.0 0.0 0.0 0.0 0.0 0.0 0.0 0.0 0.0 0.0 0.0 0.0 0.0 0.0 0.0 0.0 0.0 0.0 0.0 0.0 0.0 0.0 0.0 0.0 0.0 0.0 0.0 0.0 0.0 0.0 0.0 0.0 0.0 0.0 0.0 0.0 0.0 0.0 
0.0 27.566582 27.740663 28.354867 30.381534 30.457085 31.790926 28.393976 24.991305 21.700359 18.644323 15.399128 13.623577 10.516447 6.885264 3.800238 0.0 3.751588 6.50542 8.093756 5.95457 7.515266 6.883843 10.25689 11.704487 14.81573 17.237409 19.871248 23.317163 26.099842 29.537235 31.528429 32.67598 34.266992 34.521035 32.9499 34.616404 32.089998 28.974241 28.424699 25.235867 23.118787 19.38067 17.38788 14.004226 13.969331 14.411869 13.226771 10.944142 13.349195 14.324894 15.494472 17.321511 18.696813 19.748124 23.550484 24.052504 24.082423 24.127381 25.455013 28.482295 28.723396 29.272553 28.374999 26.380325 27.715721 25.160937 25.480827 22.838684 25.089103 24.8147 21.650198 24.124888 24.745371 27.918336 29.79537 32.862978 32.624405 36.226404 37.892114 40.761412 43.26822 41.362153 40.150543 36.699587 34.137285 32.510232 28.738054 27.815466 26.468465 23.112739 22.397441 19.992195 22.113361 19.728719 16.706898 14.668143 12.610888 10.298549 9.810147 7.560405 10.388636 10.832913 12.348486 10.070534 11.096741 9.52006 10.129759 10.057909 10.407693 12.479014 13.326053 16.959203 20.436589 22.187379 25.66885 26.693858 26.122167 29.491743 30.269719 33.866249 36.376028 39.029118 40.411406 42.000419 39.254697 38.781518 35.294567 33.422787 31.944161 28.138161 25.46777 21.64962 19.299132 15.708364 13.025646 10.615504 7.007087 6.26127 4.821332 6.447484 8.299558 0.0 0.0 0.0 0.0 0.0 0.0 0.0 0.0 0.0 0.0 0.0 0.0 0.0 0.0 0.0 0.0 0.0 0.0 0.0 0.0 0.0 0.0 0.0 0.0 0.0 0.0 0.0 0.0 0.0 0.0 0.0 0.0 0.0 0.0 0.0 0.0 0.0 0.0 0.0 0.0 0.0 0.0 0.0 0.0 0.0 0.0 0.0 0.0 0.0 0.0 0.0 0.0 0.0 0.0 0.0 0.0 0.0 0.0 0.0 0.0 0.0 0.0 0.0 0.0 0.0 0.0 0.0 0.0 0.0 0.0 0.0 0.0 0.0 0.0 0.0 0.0 0.0 0.0 0.0 0.0 0.0 0.0 0.0 0.0 0.0 0.0 0.0 0.0 0.0 0.0 0.0 0.0 0.0 0.0 0.0 0.0 0.0 0.0 0.0 0.0 0.0 0.0 0.0 
0.0 30.392764 30.84339 31.540521 33.747774 33.892209 35.339079 31.967247 28.561735 25.273663 22.293582 18.979864 17.318093 14.098652 10.571386 7.187095 3.751588 0.0 3.797353 6.117607 5.727241 8.819279 9.641395 13.268565 15.096173 18.351348 20.818172 23.568206 27.002006 29.820232 33.229051 35.259705 36.414172 37.960171 38.143141 36.466506 37.993458 35.330522 32.150687 31.348998 28.08819 25.673251 21.91202 19.560167 16.015165 15.371088 14.921984 13.134186 11.672184 14.436581 16.076856 16.799228 19.147335 21.079232 22.306199 26.0815 26.906207 27.262565 27.413241 28.944062 31.865984 31.914369 32.329601 31.175863 29.154295 30.211202 27.437639 27.413058 24.441814 26.445341 26.54896 23.668516 26.48015 27.39788 30.741772 32.769756 35.974929 35.917318 39.538058 41.230152 43.991199 46.589714 44.662461 43.58955 40.178881 37.66485 36.144583 32.360003 31.429728 30.155983 26.759333 25.960311 23.522528 25.579647 22.993488 19.821267 17.469582 14.908118 12.299548 10.633574 7.634411 9.092527 8.28729 9.814618 8.371933 9.365233 8.312558 10.290218 11.506941 12.166464 14.929217 16.10483 19.864635 23.235843 24.568039 28.154373 29.404186 29.157787 32.593782 33.586858 37.184766 39.817888 42.401414 43.629804 45.176854 42.366913 42.04271 38.587848 36.835381 35.284567 31.48116 28.775819 24.986624 22.670011 19.057638 16.323524 13.622798 9.980877 8.402763 5.310655 5.176812 8.355779 0.0 0.0 0.0 0.0 0.0 0.0 0.0 0.0 0.0 0.0 0.0 0.0 0.0 0.0 0.0 0.0 0.0 0.0 0.0 0.0 0.0 0.0 0.0 0.0 0.0 0.0 0.0 0.0 0.0 0.0 0.0 0.0 0.0 0.0 0.0 0.0 0.0 0.0 0.0 0.0 0.0 0.0 0.0 0.0 0.0 0.0 0.0 0.0 0.0 0.0 0.0 0.0 0.0 0.0 0.0 0.0 0.0 0.0 0.0 0.0 0.0 0.0 0.0 0.0 0.0 0.0 0.0 0.0 0.0 0.0 0.0 0.0 0.0 0.0 0.0 0.0 0.0 0.0 0.0 0.0 0.0 0.0 0.0 0.0 0.0 0.0 0.0 0.0 0.0 0.0 0.0 0.0 0.0 0.0 0.0 0.0 0.0 0.0 0.0 0.0 0.0 0.0 0.0 
0.0 31.787619 32.255133 32.672761 35.001172 34.960002 36.470785 33.098894 29.817614 26.453325 23.837774 20.282644 19.261411 16.249408 12.96529 10.091394 6.50542 3.797353 0.0 3.788276 5.656323 8.884818 10.603513 14.380685 16.210731 19.796149 22.055456 25.170252 28.465719 31.483018 34.693138 37.017485 38.166148 39.390792 39.348299 37.350014 38.574679 35.644266 32.331838 31.100042 27.755904 24.967464 21.263931 18.585534 15.065709 14.07074 12.751107 10.469791 9.673718 12.545998 14.835312 15.327888 18.246 20.650745 22.359934 26.043285 27.390591 28.051092 28.669926 30.323835 32.958914 32.95394 32.947088 31.399446 29.133497 29.714483 26.636994 26.122413 22.855135 24.488349 24.899983 22.40019 25.556344 26.9129 30.462482 32.795775 36.202505 36.540163 40.233992 42.153686 44.804574 47.411917 45.294213 44.445165 41.07509 38.807637 37.571937 33.814827 33.207126 32.237401 28.991227 27.822553 25.032185 26.657391 23.689667 20.520222 17.629679 14.789381 11.724898 9.10937 5.655014 5.718011 4.633533 6.186777 5.345771 7.465934 8.058077 10.363501 12.005591 11.982117 15.023201 16.1467 19.929996 23.001193 23.757613 27.449071 28.88661 29.118961 32.604521 33.97938 37.552199 40.43915 42.874155 43.800913 45.221936 42.307191 42.269571 38.916615 37.468231 35.89839 32.136216 29.566064 25.89441 23.969084 20.546394 17.43067 14.900609 11.235613 10.147126 6.612641 7.090368 10.813346 0.0 0.0 0.0 0.0 0.0 0.0 0.0 0.0 0.0 0.0 0.0 0.0 0.0 0.0 0.0 0.0 0.0 0.0 0.0 0.0 0.0 0.0 0.0 0.0 0.0 0.0 0.0 0.0 0.0 0.0 0.0 0.0 0.0 0.0 0.0 0.0 0.0 0.0 0.0 0.0 0.0 0.0 0.0 0.0 0.0 0.0 0.0 0.0 0.0 0.0 0.0 0.0 0.0 0.0 0.0 0.0 0.0 0.0 0.0 0.0 0.0 0.0 0.0 0.0 0.0 0.0 0.0 0.0 0.0 0.0 0.0 0.0 0.0 0.0 0.0 0.0 0.0 0.0 0.0 0.0 0.0 0.0 0.0 0.0 0.0 0.0 0.0 0.0 0.0 0.0 0.0 0.0 0.0 0.0 0.0 0.0 0.0 0.0 0.0 0.0 0.0 0.0 0.0 
0.0 34.106937 34.220848 34.325934 36.38718 35.973971 37.151227 33.618635 30.568107 27.003652 24.608031 20.947559 20.250576 17.711355 14.269721 11.845381 8.093756 6.117607 3.788276 0.0 3.823057 6.969462 9.87541 13.393047 15.861995 19.408734 21.974886 25.258355 28.639766 31.907737 34.995673 37.490256 38.286541 39.421388 39.028601 36.916905 37.853527 34.843106 31.668576 30.401495 27.279825 24.536225 21.023853 18.705153 15.587016 15.299213 13.77308 11.265011 9.924066 11.791654 13.67024 13.255374 16.126687 18.933679 20.458326 24.007237 25.594288 26.727264 27.43145 29.485727 31.875467 31.477548 31.333684 29.53242 27.454581 27.91189 24.863691 24.39357 21.074188 22.93337 23.829101 21.325378 24.498212 25.713783 29.278427 31.496071 34.978431 35.437191 39.061151 40.89012 43.305296 46.100512 44.074668 43.509184 40.312789 38.049766 37.110956 33.337024 32.674509 32.086601 28.830804 27.25142 24.409324 25.983918 22.816559 19.402597 16.47455 13.13763 10.568799 7.425504 5.252568 4.826734 4.032265 7.427771 7.709124 10.734463 11.77556 13.777778 14.905362 14.134453 16.65203 16.962641 20.600783 23.37531 24.043288 27.839027 28.905864 29.165688 32.466847 33.799614 37.217943 40.169458 42.337026 43.048323 44.674736 41.923367 42.146669 38.95369 37.744931 36.514964 32.791234 30.564237 26.947908 25.367842 22.130266 18.745229 16.836675 13.089403 12.874228 9.782295 10.601503 14.173203 0.0 0.0 0.0 0.0 0.0 0.0 0.0 0.0 0.0 0.0 0.0 0.0 0.0 0.0 0.0 0.0 0.0 0.0 0.0 0.0 0.0 0.0 0.0 0.0 0.0 0.0 0.0 0.0 0.0 0.0 0.0 0.0 0.0 0.0 0.0 0.0 0.0 0.0 0.0 0.0 0.0 0.0 0.0 0.0 0.0 0.0 0.0 0.0 0.0 0.0 0.0 0.0 0.0 0.0 0.0 0.0 0.0 0.0 0.0 0.0 0.0 0.0 0.0 0.0 0.0 0.0 0.0 0.0 0.0 0.0 0.0 0.0 0.0 0.0 0.0 0.0 0.0 0.0 0.0 0.0 0.0 0.0 0.0 0.0 0.0 0.0 0.0 0.0 0.0 0.0 0.0 0.0 0.0 0.0 0.0 0.0 0.0 0.0 0.0 0.0 0.0 0.0 0.0 
0.0 32.275504 32.104377 32.182072 33.983282 33.484302 34.4402 30.827979 27.806564 24.191047 21.675676 18.113444 17.239559 14.9503 11.383909 9.365418 5.95457 5.727241 5.656323 3.823057 0.0 3.753626 6.466065 9.897404 12.6355 15.993156 18.821832 21.962017 25.468168 28.729643 31.886016 34.280376 34.936656 36.228655 35.859365 33.929116 35.008562 32.180503 29.147352 28.249921 25.272083 22.90727 19.398411 17.568973 14.605555 15.066949 14.449064 12.484777 10.045356 11.442336 12.372666 12.111947 14.294336 16.658027 17.735399 21.393261 22.585453 23.553212 23.981002 26.041251 28.567753 28.155424 28.276177 26.744864 24.869692 25.75116 22.997846 23.069123 20.094857 22.453633 23.057426 20.098921 22.900114 23.633817 27.01955 28.9475 32.287851 32.463121 36.032867 37.697426 40.168197 42.98274 41.098584 40.424574 37.231652 34.79793 33.756144 29.951554 29.100488 28.476176 25.154898 23.611849 20.91675 22.748861 19.774335 16.26273 13.724301 10.475833 8.457898 6.433307 5.309152 7.231011 7.729646 10.745642 9.935123 12.639013 12.766324 14.059255 14.332478 13.43718 15.341659 15.184154 18.723718 21.623983 22.820696 26.564243 27.27617 27.095263 30.282525 31.273651 34.663327 37.439595 39.64028 40.537213 42.335574 39.727049 39.795477 36.575265 35.218969 34.162567 30.42316 28.274845 24.603984 22.965782 19.749522 16.447365 14.903378 11.183715 11.547215 9.292946 10.67715 13.62071 0.0 0.0 0.0 0.0 0.0 0.0 0.0 0.0 0.0 0.0 0.0 0.0 0.0 0.0 0.0 0.0 0.0 0.0 0.0 0.0 0.0 0.0 0.0 0.0 0.0 0.0 0.0 0.0 0.0 0.0 0.0 0.0 0.0 0.0 0.0 0.0 0.0 0.0 0.0 0.0 0.0 0.0 0.0 0.0 0.0 0.0 0.0 0.0 0.0 0.0 0.0 0.0 0.0 0.0 0.0 0.0 0.0 0.0 0.0 0.0 0.0 0.0 0.0 0.0 0.0 0.0 0.0 0.0 0.0 0.0 0.0 0.0 0.0 0.0 0.0 0.0 0.0 0.0 0.0 0.0 0.0 0.0 0.0 0.0 0.0 0.0 0.0 0.0 0.0 0.0 0.0 0.0 0.0 0.0 0.0 0.0 0.0 0.0 0.0 0.0 0.0 0.0 0.0 
0.0 31.274826 30.686421 30.419355 31.923644 31.088834 31.758159 28.060222 25.269664 21.549698 19.325924 15.76024 15.381693 13.82819 10.643197 9.889366 7.515266 8.819279 8.884818 6.969462 3.753626 0.0 3.824248 6.6516 9.648307 12.939527 15.828487 19.098034 22.563897 25.994966 28.990524 31.541926 31.980489 33.131228 32.546842 30.538417 31.483632 28.649129 25.711469 24.911145 22.117405 19.983776 16.658581 15.387839 12.958204 14.339666 14.273098 12.79776 9.561974 9.828506 9.696106 9.301399 10.896762 13.047838 13.986747 17.658591 18.852875 19.89349 20.474907 22.634738 25.003645 24.542421 24.555801 22.992604 21.141287 22.118135 19.503153 19.872642 17.16223 19.875758 20.389149 17.190586 19.726345 20.172731 23.474724 25.286593 28.616651 28.814331 32.367553 34.047737 36.476854 39.30441 37.414494 36.826682 33.697101 31.30818 30.44177 26.659875 25.926338 25.601206 22.423124 20.534181 17.677359 19.337401 16.255972 12.67634 10.171129 6.816058 5.538005 4.824692 5.965189 8.781687 10.507752 13.360318 12.12389 15.0184 15.115939 15.596137 14.981504 13.349432 14.353131 13.306736 16.500996 19.140062 20.508325 24.204433 24.517234 24.175941 27.186897 28.062006 31.345682 34.119988 36.189811 37.025648 38.937876 36.448203 36.602051 33.479473 32.251368 31.461706 27.789202 25.957823 22.404767 21.153475 18.279627 14.846353 14.169591 10.82447 12.361869 11.102554 13.296658 15.740163 0.0 0.0 0.0 0.0 0.0 0.0 0.0 0.0 0.0 0.0 0.0 0.0 0.0 0.0 0.0 0.0 0.0 0.0 0.0 0.0 0.0 0.0 0.0 0.0 0.0 0.0 0.0 0.0 0.0 0.0 0.0 0.0 0.0 0.0 0.0 0.0 0.0 0.0 0.0 0.0 0.0 0.0 0.0 0.0 0.0 0.0 0.0 0.0 0.0 0.0 0.0 0.0 0.0 0.0 0.0 0.0 0.0 0.0 0.0 0.0 0.0 0.0 0.0 0.0 0.0 0.0 0.0 0.0 0.0 0.0 0.0 0.0 0.0 0.0 0.0 0.0 0.0 0.0 0.0 0.0 0.0 0.0 0.0 0.0 0.0 0.0 0.0 0.0 0.0 0.0 0.0 0.0 0.0 0.0 0.0 0.0 0.0 0.0 0.0 0.0 0.0 0.0 0.0 
